# theta_deg  dsigma_over_M2
2.0000000000e+01 1.5540537713e+03
2.0100000000e+01 1.4640869257e+03
2.0200000000e+01 1.3887879266e+03
2.0300000000e+01 1.3284685417e+03
2.0400000000e+01 1.2828346108e+03
2.0500000000e+01 1.2510556705e+03
2.0600000000e+01 1.2318493277e+03
2.0700000000e+01 1.2235754742e+03
2.0800000000e+01 1.2243355430e+03
2.0900000000e+01 1.2320723044e+03
2.1000000000e+01 1.2446661504e+03
2.1100000000e+01 1.2600243777e+03
2.1200000000e+01 1.2761606313e+03
2.1300000000e+01 1.2912623591e+03
2.1400000000e+01 1.3037448326e+03
2.1500000000e+01 1.3122909785e+03
2.1600000000e+01 1.3158769015e+03
2.1700000000e+01 1.3137835619e+03
2.1800000000e+01 1.3055955632e+03
2.1900000000e+01 1.2911884102e+03
2.2000000000e+01 1.2707059026e+03
2.2100000000e+01 1.2445295361e+03
2.2200000000e+01 1.2132418937e+03
2.2300000000e+01 1.1775860285e+03
2.2400000000e+01 1.1384227811e+03
2.2500000000e+01 1.0966878458e+03
2.2600000000e+01 1.0533502166e+03
2.2700000000e+01 1.0093734138e+03
2.2800000000e+01 9.6568064416e+02
2.2900000000e+01 9.2312477077e+02
2.3000000000e+01 8.8246370047e+02
2.3100000000e+01 8.4434153095e+02
2.3200000000e+01 8.0927555124e+02
2.3300000000e+01 7.7764896719e+02
2.3400000000e+01 7.4970903054e+02
2.3500000000e+01 7.2557009104e+02
2.3600000000e+01 7.0522096782e+02
2.3700000000e+01 6.8853594907e+02
2.3800000000e+01 6.7528867654e+02
2.3900000000e+01 6.6516815121e+02
2.4000000000e+01 6.5779610633e+02
2.4100000000e+01 6.5274502786e+02
2.4200000000e+01 6.4955615859e+02
2.4300000000e+01 6.4775689328e+02
2.4400000000e+01 6.4687705628e+02
2.4500000000e+01 6.4646364344e+02
2.4600000000e+01 6.4609370454e+02
2.4700000000e+01 6.4538513612e+02
2.4800000000e+01 6.4400524495e+02
2.4900000000e+01 6.4167702646e+02
2.5000000000e+01 6.3818317926e+02
2.5100000000e+01 6.3336794327e+02
2.5200000000e+01 6.2713690600e+02
2.5300000000e+01 6.1945496727e+02
2.5400000000e+01 6.1034268786e+02
2.5500000000e+01 5.9987127242e+02
2.5600000000e+01 5.8815645194e+02
2.5700000000e+01 5.7535153704e+02
2.5800000000e+01 5.6163991126e+02
2.5900000000e+01 5.4722722473e+02
2.6000000000e+01 5.3233353328e+02
2.6100000000e+01 5.1718560845e+02
2.6200000000e+01 5.0200962023e+02
2.6300000000e+01 4.8702436752e+02
2.6400000000e+01 4.7243520325e+02
2.6500000000e+01 4.5842877114e+02
2.6600000000e+01 4.4516864118e+02
2.6700000000e+01 4.3279190132e+02
2.6800000000e+01 4.2140673375e+02
2.6900000000e+01 4.1109097684e+02
2.7000000000e+01 4.0189164814e+02
2.7100000000e+01 3.9382538030e+02
2.7200000000e+01 3.8687970122e+02
2.7300000000e+01 3.8101507126e+02
2.7400000000e+01 3.7616757608e+02
2.7500000000e+01 3.7225216142e+02
2.7600000000e+01 3.6916628829e+02
2.7700000000e+01 3.6679388210e+02
2.7800000000e+01 3.6500944772e+02
2.7900000000e+01 3.6368222459e+02
2.8000000000e+01 3.6268026107e+02
2.8100000000e+01 3.6187429517e+02
2.8200000000e+01 3.6114133995e+02
2.8300000000e+01 3.6036788457e+02
2.8400000000e+01 3.5945263735e+02
2.8500000000e+01 3.5830875356e+02
2.8600000000e+01 3.5686550831e+02
2.8700000000e+01 3.5506939257e+02
2.8800000000e+01 3.5288462873e+02
2.8900000000e+01 3.5029311884e+02
2.9000000000e+01 3.4729385563e+02
2.9100000000e+01 3.4390184043e+02
2.9200000000e+01 3.4014656564e+02
2.9300000000e+01 3.3607012952e+02
2.9400000000e+01 3.3172505933e+02
2.9500000000e+01 3.2717192457e+02
2.9600000000e+01 3.2247682432e+02
2.9700000000e+01 3.1770883310e+02
2.9800000000e+01 3.1293748688e+02
2.9900000000e+01 3.0823038574e+02
3.0000000000e+01 3.0365098261e+02
3.0100000000e+01 2.9925661822e+02
3.0200000000e+01 2.9509685193e+02
3.0300000000e+01 2.9121212624e+02
3.0400000000e+01 2.8763279063e+02
3.0500000000e+01 2.8437849748e+02
3.0600000000e+01 2.8145797068e+02
3.0700000000e+01 2.7886913561e+02
3.0800000000e+01 2.7659958818e+02
3.0900000000e+01 2.7462737120e+02
3.1000000000e+01 2.7292201798e+02
3.1100000000e+01 2.7144581704e+02
3.1200000000e+01 2.7015524675e+02
3.1300000000e+01 2.6900252643e+02
3.1400000000e+01 2.6793722930e+02
3.1500000000e+01 2.6690790402e+02
3.1600000000e+01 2.6586365368e+02
3.1700000000e+01 2.6475562575e+02
3.1800000000e+01 2.6353837142e+02
3.1900000000e+01 2.6217103965e+02
3.2000000000e+01 2.6061837780e+02
3.2100000000e+01 2.5885151887e+02
3.2200000000e+01 2.5684854291e+02
3.2300000000e+01 2.5459480780e+02
3.2400000000e+01 2.5208305225e+02
3.2500000000e+01 2.4931328045e+02
3.2600000000e+01 2.4629244421e+02
3.2700000000e+01 2.4303394333e+02
3.2800000000e+01 2.3955696951e+02
3.2900000000e+01 2.3588572216e+02
3.3000000000e+01 2.3204852654e+02
3.3100000000e+01 2.2807688571e+02
3.3200000000e+01 2.2400449790e+02
3.3300000000e+01 2.1986626966e+02
3.3400000000e+01 2.1569735361e+02
3.3500000000e+01 2.1153223672e+02
3.3600000000e+01 2.0740390224e+02
3.3700000000e+01 2.0334308425e+02
3.3800000000e+01 1.9937763038e+02
3.3900000000e+01 1.9553198360e+02
3.4000000000e+01 1.9182679017e+02
3.4100000000e+01 1.8827863644e+02
3.4200000000e+01 1.8489991373e+02
3.4300000000e+01 1.8169880635e+02
3.4400000000e+01 1.7867939533e+02
3.4500000000e+01 1.7584186705e+02
3.4600000000e+01 1.7318281421e+02
3.4700000000e+01 1.7069561459e+02
3.4800000000e+01 1.6837087202e+02
3.4900000000e+01 1.6619690310e+02
3.5000000000e+01 1.6416025329e+02
3.5100000000e+01 1.6224622614e+02
3.5200000000e+01 1.6043941016e+02
3.5300000000e+01 1.5872418877e+02
3.5400000000e+01 1.5708522058e+02
3.5500000000e+01 1.5550787834e+02
3.5600000000e+01 1.5397863705e+02
3.5700000000e+01 1.5248540372e+02
3.5800000000e+01 1.5101778308e+02
3.5900000000e+01 1.4956727567e+02
3.6000000000e+01 1.4812740692e+02
3.6100000000e+01 1.4669378734e+02
3.6200000000e+01 1.4526410617e+02
3.6300000000e+01 1.4383806228e+02
3.6400000000e+01 1.4241723741e+02
3.6500000000e+01 1.4100491836e+02
3.6600000000e+01 1.3960587556e+02
3.6700000000e+01 1.3822610628e+02
3.6800000000e+01 1.3687255124e+02
3.6900000000e+01 1.3555279367e+02
3.7000000000e+01 1.3427474991e+02
3.7100000000e+01 1.3304636053e+02
3.7200000000e+01 1.3187529039e+02
3.7300000000e+01 1.3076864566e+02
3.7400000000e+01 1.2973271486e+02
3.7500000000e+01 1.2877274030e+02
3.7600000000e+01 1.2789272504e+02
3.7700000000e+01 1.2709527951e+02
3.7800000000e+01 1.2638151070e+02
3.7900000000e+01 1.2575095556e+02
3.8000000000e+01 1.2520155919e+02
3.8100000000e+01 1.2472969695e+02
3.8200000000e+01 1.2433023875e+02
3.8300000000e+01 1.2399665262e+02
3.8400000000e+01 1.2372114361e+02
3.8500000000e+01 1.2349482351e+02
3.8600000000e+01 1.2330790599e+02
3.8700000000e+01 1.2314992134e+02
3.8800000000e+01 1.2300994474e+02
3.8900000000e+01 1.2287683163e+02
3.9000000000e+01 1.2273945402e+02
3.9100000000e+01 1.2258693148e+02
3.9200000000e+01 1.2240885109e+02
3.9300000000e+01 1.2219547112e+02
3.9400000000e+01 1.2193790356e+02
3.9500000000e+01 1.2162827171e+02
3.9600000000e+01 1.2125983952e+02
3.9700000000e+01 1.2082711045e+02
3.9800000000e+01 1.2032589435e+02
3.9900000000e+01 1.1975334181e+02
4.0000000000e+01 1.1910794648e+02
4.0100000000e+01 1.1838951634e+02
4.0200000000e+01 1.1759911607e+02
4.0300000000e+01 1.1673898313e+02
4.0400000000e+01 1.1581242066e+02
4.0500000000e+01 1.1482367125e+02
4.0600000000e+01 1.1377777538e+02
4.0700000000e+01 1.1268041894e+02
4.0800000000e+01 1.1153777442e+02
4.0900000000e+01 1.1035633986e+02
4.1000000000e+01 1.0914278013e+02
4.1100000000e+01 1.0790377430e+02
4.1200000000e+01 1.0664587286e+02
4.1300000000e+01 1.0537536798e+02
4.1400000000e+01 1.0409817940e+02
4.1500000000e+01 1.0281975819e+02
4.1600000000e+01 1.0154500984e+02
4.1700000000e+01 1.0027823766e+02
4.1800000000e+01 9.9023106714e+01
4.1900000000e+01 9.7782628145e+01
4.2000000000e+01 9.6559163015e+01
4.2100000000e+01 9.5354444364e+01
4.2200000000e+01 9.4169615780e+01
4.2300000000e+01 9.3005284354e+01
4.2400000000e+01 9.1861585660e+01
4.2500000000e+01 9.0738258145e+01
4.2600000000e+01 8.9634724226e+01
4.2700000000e+01 8.8550175338e+01
4.2800000000e+01 8.7483658199e+01
4.2900000000e+01 8.6434159683e+01
4.3000000000e+01 8.5400687851e+01
4.3100000000e+01 8.4382346933e+01
4.3200000000e+01 8.3378404331e+01
4.3300000000e+01 8.2388348002e+01
4.3400000000e+01 8.1411932977e+01
4.3500000000e+01 8.0449216076e+01
4.3600000000e+01 7.9500578281e+01
4.3700000000e+01 7.8566734583e+01
4.3800000000e+01 7.7648731457e+01
4.3900000000e+01 7.6747932464e+01
4.4000000000e+01 7.5865992772e+01
4.4100000000e+01 7.5004823647e+01
4.4200000000e+01 7.4166548196e+01
4.4300000000e+01 7.3353449837e+01
4.4400000000e+01 7.2567915085e+01
4.4500000000e+01 7.1812372354e+01
4.4600000000e+01 7.1089228517e+01
4.4700000000e+01 7.0400804941e+01
4.4800000000e+01 6.9749274718e+01
4.4900000000e+01 6.9136602677e+01
4.5000000000e+01 6.8564489675e+01
4.5100000000e+01 6.8034322508e+01
4.5200000000e+01 6.7547130590e+01
4.5300000000e+01 6.7103550372e+01
4.5400000000e+01 6.6703798233e+01
4.5500000000e+01 6.6347652362e+01
4.5600000000e+01 6.6034443926e+01
4.5700000000e+01 6.5763057565e+01
4.5800000000e+01 6.5531941062e+01
4.5900000000e+01 6.5339123799e+01
4.6000000000e+01 6.5182243425e+01
4.6100000000e+01 6.5058579981e+01
4.6200000000e+01 6.4965096575e+01
4.6300000000e+01 6.4898485581e+01
4.6400000000e+01 6.4855219203e+01
4.6500000000e+01 6.4831603233e+01
4.6600000000e+01 6.4823832723e+01
4.6700000000e+01 6.4828048355e+01
4.6800000000e+01 6.4840392245e+01
4.6900000000e+01 6.4857062027e+01
4.7000000000e+01 6.4874362092e+01
4.7100000000e+01 6.4888751001e+01
4.7200000000e+01 6.4896884169e+01
4.7300000000e+01 6.4895651096e+01
4.7400000000e+01 6.4882206554e+01
4.7500000000e+01 6.4853995296e+01
4.7600000000e+01 6.4808770048e+01
4.7700000000e+01 6.4744602685e+01
4.7800000000e+01 6.4659888671e+01
4.7900000000e+01 6.4553345009e+01
4.8000000000e+01 6.4424002078e+01
4.8100000000e+01 6.4271189885e+01
4.8200000000e+01 6.4094519355e+01
4.8300000000e+01 6.3893859394e+01
4.8400000000e+01 6.3669310533e+01
4.8500000000e+01 6.3421175995e+01
4.8600000000e+01 6.3149931070e+01
4.8700000000e+01 6.2856191687e+01
4.8800000000e+01 6.2540683031e+01
4.8900000000e+01 6.2204209041e+01
4.9000000000e+01 6.1847623534e+01
4.9100000000e+01 6.1471803645e+01
4.9200000000e+01 6.1077626165e+01
4.9300000000e+01 6.0665947253e+01
4.9400000000e+01 6.0237585882e+01
4.9500000000e+01 5.9793311285e+01
4.9600000000e+01 5.9333834485e+01
4.9700000000e+01 5.8859803951e+01
4.9800000000e+01 5.8371805234e+01
4.9900000000e+01 5.7870364377e+01
5.0000000000e+01 5.7355954771e+01
5.0100000000e+01 5.6829007053e+01
5.0200000000e+01 5.6289921569e+01
5.0300000000e+01 5.5739082866e+01
5.0400000000e+01 5.5176875634e+01
5.0500000000e+01 5.4603701523e+01
5.0600000000e+01 5.4019996208e+01
5.0700000000e+01 5.3426246132e+01
5.0800000000e+01 5.2823004359e+01
5.0900000000e+01 5.2210905010e+01
5.1000000000e+01 5.1590675818e+01
5.1100000000e+01 5.0963148399e+01
5.1200000000e+01 5.0329265890e+01
5.1300000000e+01 4.9690087728e+01
5.1400000000e+01 4.9046791367e+01
5.1500000000e+01 4.8400670871e+01
5.1600000000e+01 4.7753132358e+01
5.1700000000e+01 4.7105686396e+01
5.1800000000e+01 4.6459937486e+01
5.1900000000e+01 4.5817570868e+01
5.2000000000e+01 4.5180336943e+01
5.2100000000e+01 4.4550033637e+01
5.2200000000e+01 4.3928487119e+01
5.2300000000e+01 4.3317531271e+01
5.2400000000e+01 4.2718986362e+01
5.2500000000e+01 4.2134637384e+01
5.2600000000e+01 4.1566212492e+01
5.2700000000e+01 4.1015362005e+01
5.2800000000e+01 4.0483638379e+01
5.2900000000e+01 3.9972477545e+01
5.3000000000e+01 3.9483181974e+01
5.3100000000e+01 3.9016905775e+01
5.3200000000e+01 3.8574642078e+01
5.3300000000e+01 3.8157212915e+01
5.3400000000e+01 3.7765261736e+01
5.3500000000e+01 3.7399248652e+01
5.3600000000e+01 3.7059448424e+01
5.3700000000e+01 3.6745951177e+01
5.3800000000e+01 3.6458665729e+01
5.3900000000e+01 3.6197325418e+01
5.4000000000e+01 3.5961496215e+01
5.4100000000e+01 3.5750586916e+01
5.4200000000e+01 3.5563861115e+01
5.4300000000e+01 3.5400450696e+01
5.4400000000e+01 3.5259370501e+01
5.4500000000e+01 3.5139533859e+01
5.4600000000e+01 3.5039768638e+01
5.4700000000e+01 3.4958833482e+01
5.4800000000e+01 3.4895433919e+01
5.4900000000e+01 3.4848238030e+01
5.5000000000e+01 3.4815891390e+01
5.5100000000e+01 3.4797031045e+01
5.5200000000e+01 3.4790298287e+01
5.5300000000e+01 3.4794350058e+01
5.5400000000e+01 3.4807868844e+01
5.5500000000e+01 3.4829570949e+01
5.5600000000e+01 3.4858213113e+01
5.5700000000e+01 3.4892597452e+01
5.5800000000e+01 3.4931574757e+01
5.5900000000e+01 3.4974046230e+01
5.6000000000e+01 3.5018963748e+01
5.6100000000e+01 3.5065328826e+01
5.6200000000e+01 3.5112190415e+01
5.6300000000e+01 3.5158641757e+01
5.6400000000e+01 3.5203816489e+01
5.6500000000e+01 3.5246884216e+01
5.6600000000e+01 3.5287045792e+01
5.6700000000e+01 3.5323528510e+01
5.6800000000e+01 3.5355581436e+01
5.6900000000e+01 3.5382471083e+01
5.7000000000e+01 3.5403477608e+01
5.7100000000e+01 3.5417891696e+01
5.7200000000e+01 3.5425012266e+01
5.7300000000e+01 3.5424145116e+01
5.7400000000e+01 3.5414602567e+01
5.7500000000e+01 3.5395704163e+01
5.7600000000e+01 3.5366778431e+01
5.7700000000e+01 3.5327165682e+01
5.7800000000e+01 3.5276221792e+01
5.7900000000e+01 3.5213322899e+01
5.8000000000e+01 3.5137870884e+01
5.8100000000e+01 3.5049299523e+01
5.8200000000e+01 3.4947081148e+01
5.8300000000e+01 3.4830733656e+01
5.8400000000e+01 3.4699827697e+01
5.8500000000e+01 3.4553993840e+01
5.8600000000e+01 3.4392929560e+01
5.8700000000e+01 3.4216405848e+01
5.8800000000e+01 3.4024273283e+01
5.8900000000e+01 3.3816467411e+01
5.9000000000e+01 3.3593013278e+01
5.9100000000e+01 3.3354029005e+01
5.9200000000e+01 3.3099728299e+01
5.9300000000e+01 3.2830421822e+01
5.9400000000e+01 3.2546517373e+01
5.9500000000e+01 3.2248518844e+01
5.9600000000e+01 3.1937023962e+01
5.9700000000e+01 3.1612720837e+01
5.9800000000e+01 3.1276383362e+01
5.9900000000e+01 3.0928865552e+01
6.0000000000e+01 3.0571094895e+01
6.0100000000e+01 3.0204064839e+01
6.0200000000e+01 2.9828826549e+01
6.0300000000e+01 2.9446480052e+01
6.0400000000e+01 2.9058164939e+01
6.0500000000e+01 2.8665050761e+01
6.0600000000e+01 2.8268327293e+01
6.0700000000e+01 2.7869194793e+01
6.0800000000e+01 2.7468854441e+01
6.0900000000e+01 2.7068499061e+01
6.1000000000e+01 2.6669304293e+01
6.1100000000e+01 2.6272420306e+01
6.1200000000e+01 2.5878964175e+01
6.1300000000e+01 2.5490012992e+01
6.1400000000e+01 2.5106597794e+01
6.1500000000e+01 2.4729698352e+01
6.1600000000e+01 2.4360238848e+01
6.1700000000e+01 2.3999084455e+01
6.1800000000e+01 2.3647038818e+01
6.1900000000e+01 2.3304842394e+01
6.2000000000e+01 2.2973171632e+01
6.2100000000e+01 2.2652638916e+01
6.2200000000e+01 2.2343793209e+01
6.2300000000e+01 2.2047121320e+01
6.2400000000e+01 2.1763049692e+01
6.2500000000e+01 2.1491946634e+01
6.2600000000e+01 2.1234124873e+01
6.2700000000e+01 2.0989844341e+01
6.2800000000e+01 2.0759315096e+01
6.2900000000e+01 2.0542700267e+01
6.3000000000e+01 2.0340118949e+01
6.3100000000e+01 2.0151648955e+01
6.3200000000e+01 1.9977329349e+01
6.3300000000e+01 1.9817162712e+01
6.3400000000e+01 1.9671117075e+01
6.3500000000e+01 1.9539127494e+01
6.3600000000e+01 1.9421097241e+01
6.3700000000e+01 1.9316898604e+01
6.3800000000e+01 1.9226373299e+01
6.3900000000e+01 1.9149332515e+01
6.4000000000e+01 1.9085556629e+01
6.4100000000e+01 1.9034794622e+01
6.4200000000e+01 1.8996763265e+01
6.4300000000e+01 1.8971146114e+01
6.4400000000e+01 1.8957592411e+01
6.4500000000e+01 1.8955715935e+01
6.4600000000e+01 1.8965093902e+01
6.4700000000e+01 1.8985265964e+01
6.4800000000e+01 1.9015733410e+01
6.4900000000e+01 1.9055958613e+01
6.5000000000e+01 1.9105364806e+01
6.5100000000e+01 1.9163336230e+01
6.5200000000e+01 1.9229218719e+01
6.5300000000e+01 1.9302320749e+01
6.5400000000e+01 1.9381914980e+01
6.5500000000e+01 1.9467240316e+01
6.5600000000e+01 1.9557504481e+01
6.5700000000e+01 1.9651887107e+01
6.5800000000e+01 1.9749543311e+01
6.5900000000e+01 1.9849607736e+01
6.6000000000e+01 1.9951199011e+01
6.6100000000e+01 2.0053424579e+01
6.6200000000e+01 2.0155385842e+01
6.6300000000e+01 2.0256183537e+01
6.6400000000e+01 2.0354923298e+01
6.6500000000e+01 2.0450721303e+01
6.6600000000e+01 2.0542709945e+01
6.6700000000e+01 2.0630043437e+01
6.6800000000e+01 2.0711903284e+01
6.6900000000e+01 2.0787503536e+01
6.7000000000e+01 2.0856095757e+01
6.7100000000e+01 2.0916973648e+01
6.7200000000e+01 2.0969477259e+01
6.7300000000e+01 2.1012996745e+01
6.7400000000e+01 2.1046975621e+01
6.7500000000e+01 2.1070913490e+01
6.7600000000e+01 2.1084368212e+01
6.7700000000e+01 2.1086957514e+01
6.7800000000e+01 2.1078360027e+01
6.7900000000e+01 2.1058315776e+01
6.8000000000e+01 2.1026626108e+01
6.8100000000e+01 2.0983153129e+01
6.8200000000e+01 2.0927818635e+01
6.8300000000e+01 2.0860602618e+01
6.8400000000e+01 2.0781541369e+01
6.8500000000e+01 2.0690725238e+01
6.8600000000e+01 2.0588296100e+01
6.8700000000e+01 2.0474444597e+01
6.8800000000e+01 2.0349407190e+01
6.8900000000e+01 2.0213463097e+01
6.9000000000e+01 2.0066931171e+01
6.9100000000e+01 1.9910166750e+01
6.9200000000e+01 1.9743558558e+01
6.9300000000e+01 1.9567525675e+01
6.9400000000e+01 1.9382514625e+01
6.9500000000e+01 1.9188996615e+01
6.9600000000e+01 1.8987464947e+01
6.9700000000e+01 1.8778432617e+01
6.9800000000e+01 1.8562430129e+01
6.9900000000e+01 1.8340003505e+01
7.0000000000e+01 1.8111712508e+01
7.0100000000e+01 1.7878129055e+01
7.0200000000e+01 1.7639835822e+01
7.0300000000e+01 1.7397424997e+01
7.0400000000e+01 1.7151497182e+01
7.0500000000e+01 1.6902660397e+01
7.0600000000e+01 1.6651529163e+01
7.0700000000e+01 1.6398723627e+01
7.0800000000e+01 1.6144868708e+01
7.0900000000e+01 1.5890593202e+01
7.1000000000e+01 1.5636528852e+01
7.1100000000e+01 1.5383309316e+01
7.1200000000e+01 1.5131569032e+01
7.1300000000e+01 1.4881941942e+01
7.1400000000e+01 1.4635060062e+01
7.1500000000e+01 1.4391551881e+01
7.1600000000e+01 1.4152040579e+01
7.1700000000e+01 1.3917142070e+01
7.1800000000e+01 1.3687462853e+01
7.1900000000e+01 1.3463597706e+01
7.2000000000e+01 1.3246127216e+01
7.2100000000e+01 1.3035615166e+01
7.2200000000e+01 1.2832605826e+01
7.2300000000e+01 1.2637621145e+01
7.2400000000e+01 1.2451157899e+01
7.2500000000e+01 1.2273684828e+01
7.2600000000e+01 1.2105639792e+01
7.2700000000e+01 1.1947426998e+01
7.2800000000e+01 1.1799414321e+01
7.2900000000e+01 1.1661930784e+01
7.3000000000e+01 1.1535264212e+01
7.3100000000e+01 1.1419659110e+01
7.3200000000e+01 1.1315314802e+01
7.3300000000e+01 1.1222383846e+01
7.3400000000e+01 1.1140970770e+01
7.3500000000e+01 1.1071131140e+01
7.3600000000e+01 1.1012870977e+01
7.3700000000e+01 1.0966146541e+01
7.3800000000e+01 1.0930864479e+01
7.3900000000e+01 1.0906882338e+01
7.4000000000e+01 1.0894009451e+01
7.4100000000e+01 1.0892008159e+01
7.4200000000e+01 1.0900595378e+01
7.4300000000e+01 1.0919444474e+01
7.4400000000e+01 1.0948187426e+01
7.4500000000e+01 1.0986417248e+01
7.4600000000e+01 1.1033690635e+01
7.4700000000e+01 1.1089530804e+01
7.4800000000e+01 1.1153430486e+01
7.4900000000e+01 1.1224855035e+01
7.5000000000e+01 1.1303245622e+01
7.5100000000e+01 1.1388022469e+01
7.5200000000e+01 1.1478588091e+01
7.5300000000e+01 1.1574330512e+01
7.5400000000e+01 1.1674626424e+01
7.5500000000e+01 1.1778844260e+01
7.5600000000e+01 1.1886347156e+01
7.5700000000e+01 1.1996495782e+01
7.5800000000e+01 1.2108651017e+01
7.5900000000e+01 1.2222176473e+01
7.6000000000e+01 1.2336440836e+01
7.6100000000e+01 1.2450820034e+01
7.6200000000e+01 1.2564699228e+01
7.6300000000e+01 1.2677474628e+01
7.6400000000e+01 1.2788555133e+01
7.6500000000e+01 1.2897363826e+01
7.6600000000e+01 1.3003339305e+01
7.6700000000e+01 1.3105936889e+01
7.6800000000e+01 1.3204629712e+01
7.6900000000e+01 1.3298909702e+01
7.7000000000e+01 1.3388288492e+01
7.7100000000e+01 1.3472298259e+01
7.7200000000e+01 1.3550492519e+01
7.7300000000e+01 1.3622446886e+01
7.7400000000e+01 1.3687759823e+01
7.7500000000e+01 1.3746053385e+01
7.7600000000e+01 1.3796973971e+01
7.7700000000e+01 1.3840193093e+01
7.7800000000e+01 1.3875408170e+01
7.7900000000e+01 1.3902343341e+01
7.8000000000e+01 1.3920750306e+01
7.8100000000e+01 1.3930409190e+01
7.8200000000e+01 1.3931129417e+01
7.8300000000e+01 1.3922750593e+01
7.8400000000e+01 1.3905143379e+01
7.8500000000e+01 1.3878210352e+01
7.8600000000e+01 1.3841886818e+01
7.8700000000e+01 1.3796141581e+01
7.8800000000e+01 1.3740977634e+01
7.8900000000e+01 1.3676432764e+01
7.9000000000e+01 1.3602580034e+01
7.9100000000e+01 1.3519528151e+01
7.9200000000e+01 1.3427421668e+01
7.9300000000e+01 1.3326441033e+01
7.9400000000e+01 1.3216802446e+01
7.9500000000e+01 1.3098757528e+01
7.9600000000e+01 1.2972592778e+01
7.9700000000e+01 1.2838628821e+01
7.9800000000e+01 1.2697219426e+01
7.9900000000e+01 1.2548750316e+01
8.0000000000e+01 1.2393637745e+01
8.0100000000e+01 1.2232326864e+01
8.0200000000e+01 1.2065289879e+01
8.0300000000e+01 1.1893024009e+01
8.0400000000e+01 1.1716049264e+01
8.0500000000e+01 1.1534906056e+01
8.0600000000e+01 1.1350152657e+01
8.0700000000e+01 1.1162362547e+01
8.0800000000e+01 1.0972121639e+01
8.0900000000e+01 1.0780025447e+01
8.1000000000e+01 1.0586676191e+01
8.1100000000e+01 1.0392679880e+01
8.1200000000e+01 1.0198643397e+01
8.1300000000e+01 1.0005171608e+01
8.1400000000e+01 9.8128645277e+00
8.1500000000e+01 9.6223145565e+00
8.1600000000e+01 9.4341038168e+00
8.1700000000e+01 9.2488016068e+00
8.1800000000e+01 9.0669619895e+00
8.1900000000e+01 8.8891215328e+00
8.2000000000e+01 8.7157972127e+00
8.2100000000e+01 8.5474844903e+00
8.2200000000e+01 8.3846555687e+00
8.2300000000e+01 8.2277578348e+00
8.2400000000e+01 8.0772124874e+00
8.2500000000e+01 7.9334133497e+00
8.2600000000e+01 7.7967258639e+00
8.2700000000e+01 7.6674862603e+00
8.2800000000e+01 7.5460008946e+00
8.2900000000e+01 7.4325457428e+00
8.3000000000e+01 7.3273660427e+00
8.3100000000e+01 7.2306760706e+00
8.3200000000e+01 7.1426590395e+00
8.3300000000e+01 7.0634671063e+00
8.3400000000e+01 6.9932214741e+00
8.3500000000e+01 6.9320125776e+00
8.3600000000e+01 6.8799003382e+00
8.3700000000e+01 6.8369144780e+00
8.3800000000e+01 6.8030548822e+00
8.3900000000e+01 6.7782920008e+00
8.4000000000e+01 6.7625672823e+00
8.4100000000e+01 6.7557936336e+00
8.4200000000e+01 6.7578559013e+00
8.4300000000e+01 6.7686113734e+00
8.4400000000e+01 6.7878902995e+00
8.4500000000e+01 6.8154964308e+00
8.4600000000e+01 6.8512075835e+00
8.4700000000e+01 6.8947762283e+00
8.4800000000e+01 6.9459301123e+00
8.4900000000e+01 7.0043729198e+00
8.5000000000e+01 7.0697849777e+00
8.5100000000e+01 7.1418240158e+00
8.5200000000e+01 7.2201259871e+00
8.5300000000e+01 7.3043059592e+00
8.5400000000e+01 7.3939590813e+00
8.5500000000e+01 7.4886616365e+00
8.5600000000e+01 7.5879721850e+00
8.5700000000e+01 7.6914328023e+00
8.5800000000e+01 7.7985704180e+00
8.5900000000e+01 7.9088982568e+00
8.6000000000e+01 8.0219173822e+00
8.6100000000e+01 8.1371183427e+00
8.6200000000e+01 8.2539829168e+00
8.6300000000e+01 8.3719859525e+00
8.6400000000e+01 8.4905972947e+00
8.6500000000e+01 8.6092837910e+00
8.6600000000e+01 8.7275113671e+00
8.6700000000e+01 8.8447471582e+00
8.6800000000e+01 8.9604616843e+00
8.6900000000e+01 9.0741310530e+00
8.7000000000e+01 9.1852391759e+00
8.7100000000e+01 9.2932799806e+00
8.7200000000e+01 9.3977596008e+00
8.7300000000e+01 9.4981985288e+00
8.7400000000e+01 9.5941337110e+00
8.7500000000e+01 9.6851205704e+00
8.7600000000e+01 9.7707349391e+00
8.7700000000e+01 9.8505748860e+00
8.7800000000e+01 9.9242624238e+00
8.7900000000e+01 9.9914450831e+00
8.8000000000e+01 1.0051797342e+01
8.8100000000e+01 1.0105021902e+01
8.8200000000e+01 1.0150850799e+01
8.8300000000e+01 1.0189046346e+01
8.8400000000e+01 1.0219401908e+01
8.8500000000e+01 1.0241742495e+01
8.8600000000e+01 1.0255925185e+01
8.8700000000e+01 1.0261839373e+01
8.8800000000e+01 1.0259406851e+01
8.8900000000e+01 1.0248581729e+01
8.9000000000e+01 1.0229350190e+01
8.9100000000e+01 1.0201730109e+01
8.9200000000e+01 1.0165770527e+01
8.9300000000e+01 1.0121551002e+01
8.9400000000e+01 1.0069180843e+01
8.9500000000e+01 1.0008798237e+01
8.9600000000e+01 9.9405692923e+00
8.9700000000e+01 9.8646869978e+00
8.9800000000e+01 9.7813701136e+00
8.9900000000e+01 9.6908620096e+00
9.0000000000e+01 9.5934294582e+00
9.0100000000e+01 9.4893613914e+00
9.0200000000e+01 9.3789676336e+00
9.0300000000e+01 9.2625776168e+00
9.0400000000e+01 9.1405390848e+00
9.0500000000e+01 9.0132167939e+00
9.0600000000e+01 8.8809912124e+00
9.0700000000e+01 8.7442572238e+00
9.0800000000e+01 8.6034228352e+00
9.0900000000e+01 8.4589078912e+00
9.1000000000e+01 8.3111427952e+00
9.1100000000e+01 8.1605672341e+00
9.1200000000e+01 8.0076289076e+00
9.1300000000e+01 7.8527822573e+00
9.1400000000e+01 7.6964871944e+00
9.1500000000e+01 7.5392078217e+00
9.1600000000e+01 7.3814111473e+00
9.1700000000e+01 7.2235657868e+00
9.1800000000e+01 7.0661406497e+00
9.1900000000e+01 6.9096036103e+00
9.2000000000e+01 6.7544201580e+00
9.2100000000e+01 6.6010520284e+00
9.2200000000e+01 6.4499558130e+00
9.2300000000e+01 6.3015815495e+00
9.2400000000e+01 6.1563712934e+00
9.2500000000e+01 6.0147576744e+00
9.2600000000e+01 5.8771624408e+00
9.2700000000e+01 5.7439949976e+00
9.2800000000e+01 5.6156509433e+00
9.2900000000e+01 5.4925106145e+00
9.3000000000e+01 5.3749376432e+00
9.3100000000e+01 5.2632775391e+00
9.3200000000e+01 5.1578563037e+00
9.3300000000e+01 5.0589790881e+00
9.3400000000e+01 4.9669289040e+00
9.3500000000e+01 4.8819653992e+00
9.3600000000e+01 4.8043237075e+00
9.3700000000e+01 4.7342133848e+00
9.3800000000e+01 4.6718174409e+00
9.3900000000e+01 4.6172914760e+00
9.4000000000e+01 4.5707629323e+00
9.4100000000e+01 4.5323304681e+00
9.4200000000e+01 4.5020634609e+00
9.4300000000e+01 4.4800016460e+00
9.4400000000e+01 4.4661548955e+00
9.4500000000e+01 4.4605031402e+00
9.4600000000e+01 4.4629964360e+00
9.4700000000e+01 4.4735551767e+00
9.4800000000e+01 4.4920704500e+00
9.4900000000e+01 4.5184045359e+00
9.5000000000e+01 4.5523915420e+00
9.5100000000e+01 4.5938381717e+00
9.5200000000e+01 4.6425246176e+00
9.5300000000e+01 4.6982055735e+00
9.5400000000e+01 4.7606113549e+00
9.5500000000e+01 4.8294491201e+00
9.5600000000e+01 4.9044041802e+00
9.5700000000e+01 4.9851413883e+00
9.5800000000e+01 5.0713065959e+00
9.5900000000e+01 5.1625281666e+00
9.6000000000e+01 5.2584185341e+00
9.6100000000e+01 5.3585757952e+00
9.6200000000e+01 5.4625853260e+00
9.6300000000e+01 5.5700214114e+00
9.6400000000e+01 5.6804488788e+00
9.6500000000e+01 5.7934247262e+00
9.6600000000e+01 5.9084997374e+00
9.6700000000e+01 6.0252200774e+00
9.6800000000e+01 6.1431288611e+00
9.6900000000e+01 6.2617676906e+00
9.7000000000e+01 6.3806781571e+00
9.7100000000e+01 6.4994033033e+00
9.7200000000e+01 6.6174890450e+00
9.7300000000e+01 6.7344855505e+00
9.7400000000e+01 6.8499485755e+00
9.7500000000e+01 6.9634407562e+00
9.7600000000e+01 7.0745328587e+00
9.7700000000e+01 7.1828049874e+00
9.7800000000e+01 7.2878477536e+00
9.7900000000e+01 7.3892634054e+00
9.8000000000e+01 7.4866669212e+00
9.8100000000e+01 7.5796870685e+00
9.8200000000e+01 7.6679674296e+00
9.8300000000e+01 7.7511673953e+00
9.8400000000e+01 7.8289631278e+00
9.8500000000e+01 7.9010484933e+00
9.8600000000e+01 7.9671359638e+00
9.8700000000e+01 8.0269574886e+00
9.8800000000e+01 8.0802653325e+00
9.8900000000e+01 8.1268328802e+00
9.9000000000e+01 8.1664554036e+00
9.9100000000e+01 8.1989507892e+00
9.9200000000e+01 8.2241602207e+00
9.9300000000e+01 8.2419488132e+00
9.9400000000e+01 8.2522061949e+00
9.9500000000e+01 8.2548470278e+00
9.9600000000e+01 8.2498114660e+00
9.9700000000e+01 8.2370655419e+00
9.9800000000e+01 8.2166014769e+00
9.9900000000e+01 8.1884379094e+00
1.0000000000e+02 8.1526200348e+00
1.0010000000e+02 8.1092196520e+00
1.0020000000e+02 8.0583351114e+00
1.0030000000e+02 8.0000911601e+00
1.0040000000e+02 7.9346386804e+00
1.0050000000e+02 7.8621543187e+00
1.0060000000e+02 7.7828400028e+00
1.0070000000e+02 7.6969223458e+00
1.0080000000e+02 7.6046519379e+00
1.0090000000e+02 7.5063025256e+00
1.0100000000e+02 7.4021700805e+00
1.0110000000e+02 7.2925717625e+00
1.0120000000e+02 7.1778447786e+00
1.0130000000e+02 7.0583451454e+00
1.0140000000e+02 6.9344463597e+00
1.0150000000e+02 6.8065379853e+00
1.0160000000e+02 6.6750241632e+00
1.0170000000e+02 6.5403220544e+00
1.0180000000e+02 6.4028602251e+00
1.0190000000e+02 6.2630769826e+00
1.0200000000e+02 6.1214186735e+00
1.0210000000e+02 5.9783379545e+00
1.0220000000e+02 5.8342920449e+00
1.0230000000e+02 5.6897409736e+00
1.0240000000e+02 5.5451458282e+00
1.0250000000e+02 5.4009670186e+00
1.0260000000e+02 5.2576625626e+00
1.0270000000e+02 5.1156864045e+00
1.0280000000e+02 4.9754867727e+00
1.0290000000e+02 4.8375045861e+00
1.0300000000e+02 4.7021719148e+00
1.0310000000e+02 4.5699105017e+00
1.0320000000e+02 4.4411303497e+00
1.0330000000e+02 4.3162283791e+00
1.0340000000e+02 4.1955871590e+00
1.0350000000e+02 4.0795737133e+00
1.0360000000e+02 3.9685384059e+00
1.0370000000e+02 3.8628139034e+00
1.0380000000e+02 3.7627142171e+00
1.0390000000e+02 3.6685338225e+00
1.0400000000e+02 3.5805468573e+00
1.0410000000e+02 3.4990063942e+00
1.0420000000e+02 3.4241437877e+00
1.0430000000e+02 3.3561680939e+00
1.0440000000e+02 3.2952655586e+00
1.0450000000e+02 3.2415991736e+00
1.0460000000e+02 3.1953082978e+00
1.0470000000e+02 3.1565083412e+00
1.0480000000e+02 3.1252905098e+00
1.0490000000e+02 3.1017216096e+00
1.0500000000e+02 3.0858439084e+00
1.0510000000e+02 3.0776750545e+00
1.0520000000e+02 3.0772080515e+00
1.0530000000e+02 3.0844112882e+00
1.0540000000e+02 3.0992286256e+00
1.0550000000e+02 3.1215795399e+00
1.0560000000e+02 3.1513593224e+00
1.0570000000e+02 3.1884393397e+00
1.0580000000e+02 3.2326673522e+00
1.0590000000e+02 3.2838678967e+00
1.0600000000e+02 3.3418427313e+00
1.0610000000e+02 3.4063713471e+00
1.0620000000e+02 3.4772115476e+00
1.0630000000e+02 3.5541000977e+00
1.0640000000e+02 3.6367534443e+00
1.0650000000e+02 3.7248685095e+00
1.0660000000e+02 3.8181235572e+00
1.0670000000e+02 3.9161791344e+00
1.0680000000e+02 4.0186790864e+00
1.0690000000e+02 4.1252516459e+00
1.0700000000e+02 4.2355105934e+00
1.0710000000e+02 4.3490564895e+00
1.0720000000e+02 4.4654779734e+00
1.0730000000e+02 4.5843531257e+00
1.0740000000e+02 4.7052508921e+00
1.0750000000e+02 4.8277325601e+00
1.0760000000e+02 4.9513532867e+00
1.0770000000e+02 5.0756636673e+00
1.0780000000e+02 5.2002113408e+00
1.0790000000e+02 5.3245426229e+00
1.0800000000e+02 5.4482041587e+00
1.0810000000e+02 5.5707445871e+00
1.0820000000e+02 5.6917162070e+00
1.0830000000e+02 5.8106766378e+00
1.0840000000e+02 5.9271904633e+00
1.0850000000e+02 6.0408308512e+00
1.0860000000e+02 6.1511811383e+00
1.0870000000e+02 6.2578363733e+00
1.0880000000e+02 6.3604048086e+00
1.0890000000e+02 6.4585093318e+00
1.0900000000e+02 6.5517888319e+00
1.0910000000e+02 6.6398994911e+00
1.0920000000e+02 6.7225159971e+00
1.0930000000e+02 6.7993326700e+00
1.0940000000e+02 6.8700644994e+00
1.0950000000e+02 6.9344480880e+00
1.0960000000e+02 6.9922424983e+00
1.0970000000e+02 7.0432300006e+00
1.0980000000e+02 7.0872167207e+00
1.0990000000e+02 7.1240331874e+00
1.1000000000e+02 7.1535347794e+00
1.1010000000e+02 7.1756020729e+00
1.1020000000e+02 7.1901410922e+00
1.1030000000e+02 7.1970834642e+00
1.1040000000e+02 7.1963864812e+00
1.1050000000e+02 7.1880330742e+00
1.1060000000e+02 7.1720317011e+00
1.1070000000e+02 7.1484161525e+00
1.1080000000e+02 7.1172452808e+00
1.1090000000e+02 7.0786026557e+00
1.1100000000e+02 7.0325961500e+00
1.1110000000e+02 6.9793574611e+00
1.1120000000e+02 6.9190415713e+00
1.1130000000e+02 6.8518261502e+00
1.1140000000e+02 6.7779109042e+00
1.1150000000e+02 6.6975168753e+00
1.1160000000e+02 6.6108856921e+00
1.1170000000e+02 6.5182787758e+00
1.1180000000e+02 6.4199765045e+00
1.1190000000e+02 6.3162773356e+00
1.1200000000e+02 6.2074968894e+00
1.1210000000e+02 6.0939669953e+00
1.1220000000e+02 5.9760347008e+00
1.1230000000e+02 5.8540612441e+00
1.1240000000e+02 5.7284209924e+00
1.1250000000e+02 5.5995003445e+00
1.1260000000e+02 5.4676965993e+00
1.1270000000e+02 5.3334167910e+00
1.1280000000e+02 5.1970764908e+00
1.1290000000e+02 5.0590985765e+00
1.1300000000e+02 4.9199119706e+00
1.1310000000e+02 4.7799503491e+00
1.1320000000e+02 4.6396508210e+00
1.1330000000e+02 4.4994525824e+00
1.1340000000e+02 4.3597955465e+00
1.1350000000e+02 4.2211189529e+00
1.1360000000e+02 4.0838599594e+00
1.1370000000e+02 3.9484522205e+00
1.1380000000e+02 3.8153244567e+00
1.1390000000e+02 3.6848990200e+00
1.1400000000e+02 3.5575904602e+00
1.1410000000e+02 3.4338040987e+00
1.1420000000e+02 3.3139346153e+00
1.1430000000e+02 3.1983646551e+00
1.1440000000e+02 3.0874634611e+00
1.1450000000e+02 2.9815855412e+00
1.1460000000e+02 2.8810693752e+00
1.1470000000e+02 2.7862361694e+00
1.1480000000e+02 2.6973886663e+00
1.1490000000e+02 2.6148100151e+00
1.1500000000e+02 2.5387627111e+00
1.1510000000e+02 2.4694876089e+00
1.1520000000e+02 2.4072030167e+00
1.1530000000e+02 2.3521038759e+00
1.1540000000e+02 2.3043610314e+00
1.1550000000e+02 2.2641205972e+00
1.1560000000e+02 2.2315034201e+00
1.1570000000e+02 2.2066046450e+00
1.1580000000e+02 2.1894933837e+00
1.1590000000e+02 2.1802124882e+00
1.1600000000e+02 2.1787784293e+00
1.1610000000e+02 2.1851812810e+00
1.1620000000e+02 2.1993848081e+00
1.1630000000e+02 2.2213266564e+00
1.1640000000e+02 2.2509186433e+00
1.1650000000e+02 2.2880471451e+00
1.1660000000e+02 2.3325735767e+00
1.1670000000e+02 2.3843349617e+00
1.1680000000e+02 2.4431445855e+00
1.1690000000e+02 2.5087927289e+00
1.1700000000e+02 2.5810474747e+00
1.1710000000e+02 2.6596555836e+00
1.1720000000e+02 2.7443434325e+00
1.1730000000e+02 2.8348180099e+00
1.1740000000e+02 2.9307679628e+00
1.1750000000e+02 3.0318646893e+00
1.1760000000e+02 3.1377634717e+00
1.1770000000e+02 3.2481046443e+00
1.1780000000e+02 3.3625147918e+00
1.1790000000e+02 3.4806079727e+00
1.1800000000e+02 3.6019869644e+00
1.1810000000e+02 3.7262445251e+00
1.1820000000e+02 3.8529646691e+00
1.1830000000e+02 3.9817239533e+00
1.1840000000e+02 4.1120927702e+00
1.1850000000e+02 4.2436366464e+00
1.1860000000e+02 4.3759175444e+00
1.1870000000e+02 4.5084951639e+00
1.1880000000e+02 4.6409282436e+00
1.1890000000e+02 4.7727758597e+00
1.1900000000e+02 4.9035987211e+00
1.1910000000e+02 5.0329604594e+00
1.1920000000e+02 5.1604289122e+00
1.1930000000e+02 5.2855773990e+00
1.1940000000e+02 5.4079859880e+00
1.1950000000e+02 5.5272427520e+00
1.1960000000e+02 5.6429450113e+00
1.1970000000e+02 5.7547005636e+00
1.1980000000e+02 5.8621288951e+00
1.1990000000e+02 5.9648623741e+00
1.2000000000e+02 6.0625474211e+00
1.2010000000e+02 6.1548456544e+00
1.2020000000e+02 6.2414350061e+00
1.2030000000e+02 6.3220108058e+00
1.2040000000e+02 6.3962868269e+00
1.2050000000e+02 6.4639962918e+00
1.2060000000e+02 6.5248928315e+00
1.2070000000e+02 6.5787513935e+00
1.2080000000e+02 6.6253690944e+00
1.2090000000e+02 6.6645660122e+00
1.2100000000e+02 6.6961859115e+00
1.2110000000e+02 6.7200968988e+00
1.2120000000e+02 6.7361920021e+00
1.2130000000e+02 6.7443896692e+00
1.2140000000e+02 6.7446341825e+00
1.2150000000e+02 6.7368959843e+00
1.2160000000e+02 6.7211719100e+00
1.2170000000e+02 6.6974853258e+00
1.2180000000e+02 6.6658861689e+00
1.2190000000e+02 6.6264508867e+00
1.2200000000e+02 6.5792822763e+00
1.2210000000e+02 6.5245092206e+00
1.2220000000e+02 6.4622863235e+00
1.2230000000e+02 6.3927934439e+00
1.2240000000e+02 6.3162351297e+00
1.2250000000e+02 6.2328399550e+00
1.2260000000e+02 6.1428597626e+00
1.2270000000e+02 6.0465688151e+00
1.2280000000e+02 5.9442628601e+00
1.2290000000e+02 5.8362581127e+00
1.2300000000e+02 5.7228901616e+00
1.2310000000e+02 5.6045128041e+00
1.2320000000e+02 5.4814968162e+00
1.2330000000e+02 5.3542286643e+00
1.2340000000e+02 5.2231091652e+00
1.2350000000e+02 5.0885521010e+00
1.2360000000e+02 4.9509827963e+00
1.2370000000e+02 4.8108366639e+00
1.2380000000e+02 4.6685577264e+00
1.2390000000e+02 4.5245971206e+00
1.2400000000e+02 4.3794115903e+00
1.2410000000e+02 4.2334619748e+00
1.2420000000e+02 4.0872116980e+00
1.2430000000e+02 3.9411252650e+00
1.2440000000e+02 3.7956667693e+00
1.2450000000e+02 3.6512984180e+00
1.2460000000e+02 3.5084790766e+00
1.2470000000e+02 3.3676628396e+00
1.2480000000e+02 3.2292976291e+00
1.2490000000e+02 3.0938238240e+00
1.2500000000e+02 2.9616729240e+00
1.2510000000e+02 2.8332662499e+00
1.2520000000e+02 2.7090136808e+00
1.2530000000e+02 2.5893124328e+00
1.2540000000e+02 2.4745458776e+00
1.2550000000e+02 2.3650824046e+00
1.2560000000e+02 2.2612743259e+00
1.2570000000e+02 2.1634568263e+00
1.2580000000e+02 2.0719469590e+00
1.2590000000e+02 1.9870426873e+00
1.2600000000e+02 1.9090219752e+00
1.2610000000e+02 1.8381419253e+00
1.2620000000e+02 1.7746379685e+00
1.2630000000e+02 1.7187231038e+00
1.2640000000e+02 1.6705871930e+00
1.2650000000e+02 1.6303963091e+00
1.2660000000e+02 1.5982921429e+00
1.2670000000e+02 1.5743914688e+00
1.2680000000e+02 1.5587856728e+00
1.2690000000e+02 1.5515403449e+00
1.2700000000e+02 1.5526949391e+00
1.2710000000e+02 1.5622625033e+00
1.2720000000e+02 1.5802294831e+00
1.2730000000e+02 1.6065556010e+00
1.2740000000e+02 1.6411738152e+00
1.2750000000e+02 1.6839903601e+00
1.2760000000e+02 1.7348848709e+00
1.2770000000e+02 1.7937105954e+00
1.2780000000e+02 1.8602946949e+00
1.2790000000e+02 1.9344386349e+00
1.2800000000e+02 2.0159186689e+00
1.2810000000e+02 2.1044864141e+00
1.2820000000e+02 2.1998695204e+00
1.2830000000e+02 2.3017724326e+00
1.2840000000e+02 2.4098772443e+00
1.2850000000e+02 2.5238446422e+00
1.2860000000e+02 2.6433149389e+00
1.2870000000e+02 2.7679091912e+00
1.2880000000e+02 2.8972304005e+00
1.2890000000e+02 3.0308647909e+00
1.2900000000e+02 3.1683831607e+00
1.2910000000e+02 3.3093423016e+00
1.2920000000e+02 3.4532864796e+00
1.2930000000e+02 3.5997489719e+00
1.2940000000e+02 3.7482536515e+00
1.2950000000e+02 3.8983166138e+00
1.2960000000e+02 4.0494478371e+00
1.2970000000e+02 4.2011528676e+00
1.2980000000e+02 4.3529345241e+00
1.2990000000e+02 4.5042946115e+00
1.3000000000e+02 4.6547356356e+00
1.3010000000e+02 4.8037625132e+00
1.3020000000e+02 4.9508842664e+00
1.3030000000e+02 5.0956156966e+00
1.3040000000e+02 5.2374790286e+00
1.3050000000e+02 5.3760055196e+00
1.3060000000e+02 5.5107370255e+00
1.3070000000e+02 5.6412275187e+00
1.3080000000e+02 5.7670445529e+00
1.3090000000e+02 5.8877706680e+00
1.3100000000e+02 6.0030047326e+00
1.3110000000e+02 6.1123632197e+00
1.3120000000e+02 6.2154814114e+00
1.3130000000e+02 6.3120145318e+00
1.3140000000e+02 6.4016388042e+00
1.3150000000e+02 6.4840524318e+00
1.3160000000e+02 6.5589765012e+00
1.3170000000e+02 6.6261558067e+00
1.3180000000e+02 6.6853595969e+00
1.3190000000e+02 6.7363822422e+00
1.3200000000e+02 6.7790438237e+00
1.3210000000e+02 6.8131906451e+00
1.3220000000e+02 6.8386956672e+00
1.3230000000e+02 6.8554588665e+00
1.3240000000e+02 6.8634075185e+00
1.3250000000e+02 6.8624964068e+00
1.3260000000e+02 6.8527079595e+00
1.3270000000e+02 6.8340523119e+00
1.3280000000e+02 6.8065672986e+00
1.3290000000e+02 6.7703183741e+00
1.3300000000e+02 6.7253984630e+00
1.3310000000e+02 6.6719277392e+00
1.3320000000e+02 6.6100533364e+00
1.3330000000e+02 6.5399489868e+00
1.3340000000e+02 6.4618145911e+00
1.3350000000e+02 6.3758757177e+00
1.3360000000e+02 6.2823830307e+00
1.3370000000e+02 6.1816116478e+00
1.3380000000e+02 6.0738604269e+00
1.3390000000e+02 5.9594511808e+00
1.3400000000e+02 5.8387278211e+00
1.3410000000e+02 5.7120554299e+00
1.3420000000e+02 5.5798192615e+00
1.3430000000e+02 5.4424236718e+00
1.3440000000e+02 5.3002909802e+00
1.3450000000e+02 5.1538602609e+00
1.3460000000e+02 5.0035860687e+00
1.3470000000e+02 4.8499371003e+00
1.3480000000e+02 4.6933947926e+00
1.3490000000e+02 4.5344518636e+00
1.3500000000e+02 4.3736107966e+00
1.3510000000e+02 4.2113822750e+00
1.3520000000e+02 4.0482835705e+00
1.3530000000e+02 3.8848368897e+00
1.3540000000e+02 3.7215676870e+00
1.3550000000e+02 3.5590029484e+00
1.3560000000e+02 3.3976694528e+00
1.3570000000e+02 3.2380920195e+00
1.3580000000e+02 3.0807917475e+00
1.3590000000e+02 2.9262842557e+00
1.3600000000e+02 2.7750779307e+00
1.3610000000e+02 2.6276721923e+00
1.3620000000e+02 2.4845557814e+00
1.3630000000e+02 2.3462050820e+00
1.3640000000e+02 2.2130824825e+00
1.3650000000e+02 2.0856347854e+00
1.3660000000e+02 1.9642916719e+00
1.3670000000e+02 1.8494642293e+00
1.3680000000e+02 1.7415435472e+00
1.3690000000e+02 1.6408993884e+00
1.3700000000e+02 1.5478789412e+00
1.3710000000e+02 1.4628056560e+00
1.3720000000e+02 1.3859781726e+00
1.3730000000e+02 1.3176693407e+00
1.3740000000e+02 1.2581253356e+00
1.3750000000e+02 1.2075648742e+00
1.3760000000e+02 1.1661785293e+00
1.3770000000e+02 1.1341281453e+00
1.3780000000e+02 1.1115463552e+00
1.3790000000e+02 1.0985361973e+00
1.3800000000e+02 1.0951708324e+00
1.3810000000e+02 1.1014933579e+00
1.3820000000e+02 1.1175167186e+00
1.3830000000e+02 1.1432237108e+00
1.3840000000e+02 1.1785670770e+00
1.3850000000e+02 1.2234696886e+00
1.3860000000e+02 1.2778248131e+00
1.3870000000e+02 1.3414964629e+00
1.3880000000e+02 1.4143198213e+00
1.3890000000e+02 1.4961017439e+00
1.3900000000e+02 1.5866213309e+00
1.3910000000e+02 1.6856305675e+00
1.3920000000e+02 1.7928550295e+00
1.3930000000e+02 1.9079946519e+00
1.3940000000e+02 2.0307245568e+00
1.3950000000e+02 2.1606959391e+00
1.3960000000e+02 2.2975370086e+00
1.3970000000e+02 2.4408539851e+00
1.3980000000e+02 2.5902321470e+00
1.3990000000e+02 2.7452369311e+00
1.4000000000e+02 2.9054150822e+00
1.4010000000e+02 3.0702958536e+00
1.4020000000e+02 3.2393922554e+00
1.4030000000e+02 3.4122023517e+00
1.4040000000e+02 3.5882106054e+00
1.4050000000e+02 3.7668892702e+00
1.4060000000e+02 3.9476998290e+00
1.4070000000e+02 4.1300944778e+00
1.4080000000e+02 4.3135176537e+00
1.4090000000e+02 4.4974076060e+00
1.4100000000e+02 4.6811980084e+00
1.4110000000e+02 4.8643196094e+00
1.4120000000e+02 5.0462019197e+00
1.4130000000e+02 5.2262749317e+00
1.4140000000e+02 5.4039708686e+00
1.4150000000e+02 5.5787259583e+00
1.4160000000e+02 5.7499822265e+00
1.4170000000e+02 5.9171893056e+00
1.4180000000e+02 6.0798062509e+00
1.4190000000e+02 6.2373033592e+00
1.4200000000e+02 6.3891639825e+00
1.4210000000e+02 6.5348863280e+00
1.4220000000e+02 6.6739852388e+00
1.4230000000e+02 6.8059939449e+00
1.4240000000e+02 6.9304657767e+00
1.4250000000e+02 7.0469758329e+00
1.4260000000e+02 7.1551225925e+00
1.4270000000e+02 7.2545294643e+00
1.4280000000e+02 7.3448462627e+00
1.4290000000e+02 7.4257506028e+00
1.4300000000e+02 7.4969492066e+00
1.4310000000e+02 7.5581791115e+00
1.4320000000e+02 7.6092087747e+00
1.4330000000e+02 7.6498390665e+00
1.4340000000e+02 7.6799041456e+00
1.4350000000e+02 7.6992722119e+00
1.4360000000e+02 7.7078461328e+00
1.4370000000e+02 7.7055639370e+00
1.4380000000e+02 7.6923991752e+00
1.4390000000e+02 7.6683611451e+00
1.4400000000e+02 7.6334949789e+00
1.4410000000e+02 7.5878815945e+00
1.4420000000e+02 7.5316375103e+00
1.4430000000e+02 7.4649145258e+00
1.4440000000e+02 7.3878992705e+00
1.4450000000e+02 7.3008126250e+00
1.4460000000e+02 7.2039090177e+00
1.4470000000e+02 7.0974756026e+00
1.4480000000e+02 6.9818313237e+00
1.4490000000e+02 6.8573258713e+00
1.4500000000e+02 6.7243385383e+00
1.4510000000e+02 6.5832769810e+00
1.4520000000e+02 6.4345758938e+00
1.4530000000e+02 6.2786956029e+00
1.4540000000e+02 6.1161205885e+00
1.4550000000e+02 5.9473579404e+00
1.4560000000e+02 5.7729357561e+00
1.4570000000e+02 5.5934014868e+00
1.4580000000e+02 5.4093202396e+00
1.4590000000e+02 5.2212730410e+00
1.4600000000e+02 5.0298550680e+00
1.4610000000e+02 4.8356738532e+00
1.4620000000e+02 4.6393474683e+00
1.4630000000e+02 4.4415026911e+00
1.4640000000e+02 4.2427731605e+00
1.4650000000e+02 4.0437975237e+00
1.4660000000e+02 3.8452175785e+00
1.4670000000e+02 3.6476764148e+00
1.4680000000e+02 3.4518165570e+00
1.4690000000e+02 3.2582781117e+00
1.4700000000e+02 3.0676969215e+00
1.4710000000e+02 2.8807027283e+00
1.4720000000e+02 2.6979173469e+00
1.4730000000e+02 2.5199528535e+00
1.4740000000e+02 2.3474097884e+00
1.4750000000e+02 2.1808753775e+00
1.4760000000e+02 2.0209217742e+00
1.4770000000e+02 1.8681043240e+00
1.4780000000e+02 1.7229598559e+00
1.4790000000e+02 1.5860050034e+00
1.4800000000e+02 1.4577345578e+00
1.4810000000e+02 1.3386198604e+00
1.4820000000e+02 1.2291072349e+00
1.4830000000e+02 1.1296164675e+00
1.4840000000e+02 1.0405393385e+00
1.4850000000e+02 9.6223821164e-01
1.4860000000e+02 8.9504468645e-01
1.4870000000e+02 8.3925832071e-01
1.4880000000e+02 7.9514542882e-01
1.4890000000e+02 7.6293796293e-01
1.4900000000e+02 7.4283248350e-01
1.4910000000e+02 7.3498922601e-01
1.4920000000e+02 7.3953127045e-01
1.4930000000e+02 7.5654382000e-01
1.4940000000e+02 7.8607359519e-01
1.4950000000e+02 8.2812834923e-01
1.4960000000e+02 8.8267651005e-01
1.4970000000e+02 9.4964695368e-01
1.4980000000e+02 1.0289289133e+00
1.4990000000e+02 1.1203720275e+00
1.5000000000e+02 1.2237865301e+00
1.5010000000e+02 1.3389435837e+00
1.5020000000e+02 1.4655757577e+00
1.5030000000e+02 1.6033776513e+00
1.5040000000e+02 1.7520066592e+00
1.5050000000e+02 1.9110838797e+00
1.5060000000e+02 2.0801951612e+00
1.5070000000e+02 2.2588922836e+00
1.5080000000e+02 2.4466942695e+00
1.5090000000e+02 2.6430888199e+00
1.5100000000e+02 2.8475338682e+00
1.5110000000e+02 3.0594592438e+00
1.5120000000e+02 3.2782684397e+00
1.5130000000e+02 3.5033404733e+00
1.5140000000e+02 3.7340318331e+00
1.5150000000e+02 3.9696785013e+00
1.5160000000e+02 4.2095980428e+00
1.5170000000e+02 4.4530917513e+00
1.5180000000e+02 4.6994468417e+00
1.5190000000e+02 4.9479386810e+00
1.5200000000e+02 5.1978330458e+00
1.5210000000e+02 5.4483883998e+00
1.5220000000e+02 5.6988581803e+00
1.5230000000e+02 5.9484930868e+00
1.5240000000e+02 6.1965433623e+00
1.5250000000e+02 6.4422610624e+00
1.5260000000e+02 6.6849023028e+00
1.5270000000e+02 6.9237294806e+00
1.5280000000e+02 7.1580134646e+00
1.5290000000e+02 7.3870357479e+00
1.5300000000e+02 7.6100905606e+00
1.5310000000e+02 7.8264869377e+00
1.5320000000e+02 8.0355507404e+00
1.5330000000e+02 8.2366266274e+00
1.5340000000e+02 8.4290799741e+00
1.5350000000e+02 8.6122987389e+00
1.5360000000e+02 8.7856952747e+00
1.5370000000e+02 8.9487080842e+00
1.5380000000e+02 9.1008035179e+00
1.5390000000e+02 9.2414774141e+00
1.5400000000e+02 9.3702566798e+00
1.5410000000e+02 9.4867008100e+00
1.5420000000e+02 9.5904033461e+00
1.5430000000e+02 9.6809932684e+00
1.5440000000e+02 9.7581363240e+00
1.5450000000e+02 9.8215362840e+00
1.5460000000e+02 9.8709361297e+00
1.5470000000e+02 9.9061191622e+00
1.5480000000e+02 9.9269100324e+00
1.5490000000e+02 9.9331756861e+00
1.5500000000e+02 9.9248262195e+00
1.5510000000e+02 9.9018156400e+00
1.5520000000e+02 9.8641425248e+00
1.5530000000e+02 9.8118505730e+00
1.5540000000e+02 9.7450290434e+00
1.5550000000e+02 9.6638130724e+00
1.5560000000e+02 9.5683838635e+00
1.5570000000e+02 9.4589687447e+00
1.5580000000e+02 9.3358410846e+00
1.5590000000e+02 9.1993200622e+00
1.5600000000e+02 9.0497702858e+00
1.5610000000e+02 8.8876012538e+00
1.5620000000e+02 8.7132666546e+00
1.5630000000e+02 8.5272635013e+00
1.5640000000e+02 8.3301310993e+00
1.5650000000e+02 8.1224498436e+00
1.5660000000e+02 7.9048398473e+00
1.5670000000e+02 7.6779594005e+00
1.5680000000e+02 7.4425032623e+00
1.5690000000e+02 7.1992007885e+00
1.5700000000e+02 6.9488139006e+00
1.5710000000e+02 6.6921349011e+00
1.5720000000e+02 6.4299841428e+00
1.5730000000e+02 6.1632075608e+00
1.5740000000e+02 5.8926740760e+00
1.5750000000e+02 5.6192728824e+00
1.5760000000e+02 5.3439106293e+00
1.5770000000e+02 5.0675085113e+00
1.5780000000e+02 4.7909992803e+00
1.5790000000e+02 4.5153241932e+00
1.5800000000e+02 4.2414299109e+00
1.5810000000e+02 3.9702653633e+00
1.5820000000e+02 3.7027785962e+00
1.5830000000e+02 3.4399136147e+00
1.5840000000e+02 3.1826072395e+00
1.5850000000e+02 2.9317859895e+00
1.5860000000e+02 2.6883630074e+00
1.5870000000e+02 2.4532350389e+00
1.5880000000e+02 2.2272794816e+00
1.5890000000e+02 2.0113515130e+00
1.5900000000e+02 1.8062813108e+00
1.5910000000e+02 1.6128713736e+00
1.5920000000e+02 1.4318939515e+00
1.5930000000e+02 1.2640885940e+00
1.5940000000e+02 1.1101598214e+00
1.5950000000e+02 9.7077492388e-01
1.5960000000e+02 8.4656189310e-01
1.5970000000e+02 7.3810748755e-01
1.5980000000e+02 6.4595543388e-01
1.5990000000e+02 5.7060476387e-01
1.6000000000e+02 5.1250828669e-01
1.6010000000e+02 4.7207119479e-01
1.6020000000e+02 4.4964980118e-01
1.6030000000e+02 4.4555040548e-01
1.6040000000e+02 4.6002828540e-01
1.6050000000e+02 4.9328681040e-01
1.6060000000e+02 5.4547667391e-01
1.6070000000e+02 6.1669524076e-01
1.6080000000e+02 7.0698600649e-01
1.6090000000e+02 8.1633816574e-01
1.6100000000e+02 9.4468628724e-01
1.6110000000e+02 1.0919100936e+00
1.6120000000e+02 1.2578343447e+00
1.6130000000e+02 1.4422288241e+00
1.6140000000e+02 1.6448084298e+00
1.6150000000e+02 1.8652333685e+00
1.6160000000e+02 2.1031094578e+00
1.6170000000e+02 2.3579885383e+00
1.6180000000e+02 2.6293689981e+00
1.6190000000e+02 2.9166964161e+00
1.6200000000e+02 3.2193643281e+00
1.6210000000e+02 3.5367151211e+00
1.6220000000e+02 3.8680410624e+00
1.6230000000e+02 4.2125854693e+00
1.6240000000e+02 4.5695440260e+00
1.6250000000e+02 4.9380662537e+00
1.6260000000e+02 5.3172571406e+00
1.6270000000e+02 5.7061789362e+00
1.6280000000e+02 6.1038531162e+00
1.6290000000e+02 6.5092625215e+00
1.6300000000e+02 6.9213536741e+00
1.6310000000e+02 7.3390392728e+00
1.6320000000e+02 7.7612008689e+00
1.6330000000e+02 8.1866917206e+00
1.6340000000e+02 8.6143398250e+00
1.6350000000e+02 9.0429511225e+00
1.6360000000e+02 9.4713128678e+00
1.6370000000e+02 9.8981971611e+00
1.6380000000e+02 1.0322364627e+01
1.6390000000e+02 1.0742568236e+01
1.6400000000e+02 1.1157557243e+01
1.6410000000e+02 1.1566081246e+01
1.6420000000e+02 1.1966894334e+01
1.6430000000e+02 1.2358759304e+01
1.6440000000e+02 1.2740451947e+01
1.6450000000e+02 1.3110765361e+01
1.6460000000e+02 1.3468514278e+01
1.6470000000e+02 1.3812539388e+01
1.6480000000e+02 1.4141711630e+01
1.6490000000e+02 1.4454936426e+01
1.6500000000e+02 1.4751157844e+01
1.6510000000e+02 1.5029362658e+01
1.6520000000e+02 1.5288584290e+01
1.6530000000e+02 1.5527906607e+01
1.6540000000e+02 1.5746467560e+01
1.6550000000e+02 1.5943462637e+01
1.6560000000e+02 1.6118148122e+01
1.6570000000e+02 1.6269844143e+01
1.6580000000e+02 1.6397937488e+01
1.6590000000e+02 1.6501884186e+01
1.6600000000e+02 1.6581211842e+01
1.6610000000e+02 1.6635521719e+01
1.6620000000e+02 1.6664490554e+01
1.6630000000e+02 1.6667872125e+01
1.6640000000e+02 1.6645498544e+01
1.6650000000e+02 1.6597281301e+01
1.6660000000e+02 1.6523212044e+01
1.6670000000e+02 1.6423363117e+01
1.6680000000e+02 1.6297887845e+01
1.6690000000e+02 1.6147020600e+01
1.6700000000e+02 1.5971076628e+01
1.6710000000e+02 1.5770451672e+01
1.6720000000e+02 1.5545621397e+01
1.6730000000e+02 1.5297140619e+01
1.6740000000e+02 1.5025642368e+01
1.6750000000e+02 1.4731836777e+01
1.6760000000e+02 1.4416509831e+01
1.6770000000e+02 1.4080521973e+01
1.6780000000e+02 1.3724806578e+01
1.6790000000e+02 1.3350368320e+01
1.6800000000e+02 1.2958281415e+01
1.6810000000e+02 1.2549687777e+01
1.6820000000e+02 1.2125795069e+01
1.6830000000e+02 1.1687874667e+01
1.6840000000e+02 1.1237259532e+01
1.6850000000e+02 1.0775341999e+01
1.6860000000e+02 1.0303571475e+01
1.6870000000e+02 9.8234520550e+00
1.6880000000e+02 9.3365400310e+00
1.6890000000e+02 8.8444413196e+00
1.6900000000e+02 8.3488087760e+00
1.6910000000e+02 7.8513394031e+00
1.6920000000e+02 7.3537714412e+00
1.6930000000e+02 6.8578813335e+00
1.6940000000e+02 6.3654805585e+00
1.6950000000e+02 5.8784123198e+00
1.6960000000e+02 5.3985480884e+00
1.6970000000e+02 4.9277839876e+00
1.6980000000e+02 4.4680370158e+00
1.6990000000e+02 4.0212411022e+00
1.7000000000e+02 3.5893429915e+00
1.7010000000e+02 3.1742979557e+00
1.7020000000e+02 2.7780653343e+00
1.7030000000e+02 2.4026039041e+00
1.7040000000e+02 2.0498670835e+00
1.7050000000e+02 1.7217979798e+00
1.7060000000e+02 1.4203242875e+00
1.7070000000e+02 1.1473530515e+00
1.7080000000e+02 9.0476530957e-01
1.7090000000e+02 6.9441063195e-01
1.7100000000e+02 5.1810157837e-01
1.7110000000e+02 3.7760809515e-01
1.7120000000e+02 2.7465187721e-01
1.7130000000e+02 2.1090072175e-01
1.7140000000e+02 1.8796290236e-01
1.7150000000e+02 2.0738159351e-01
1.7160000000e+02 2.7062937657e-01
1.7170000000e+02 3.7910285940e-01
1.7180000000e+02 5.3411744166e-01
1.7190000000e+02 7.3690225812e-01
1.7200000000e+02 9.8859533189e-01
1.7210000000e+02 1.2902389684e+00
1.7220000000e+02 1.6427754201e+00
1.7230000000e+02 2.0470428492e+00
1.7240000000e+02 2.5037716158e+00
1.7250000000e+02 3.0135809137e+00
1.7260000000e+02 3.5769757751e+00
1.7270000000e+02 4.1943444631e+00
1.7280000000e+02 4.8659562648e+00
1.7290000000e+02 5.5919596983e+00
1.7300000000e+02 6.3723811393e+00
1.7310000000e+02 7.2071238729e+00
1.7320000000e+02 8.0959675694e+00
1.7330000000e+02 9.0385681818e+00
1.7340000000e+02 1.0034458258e+01
1.7350000000e+02 1.1083047655e+01
1.7360000000e+02 1.2183624646e+01
1.7370000000e+02 1.3335357400e+01
1.7380000000e+02 1.4537295812e+01
1.7390000000e+02 1.5788373670e+01
1.7400000000e+02 1.7087411129e+01
1.7410000000e+02 1.8433117465e+01
1.7420000000e+02 1.9824094089e+01
1.7430000000e+02 2.1258837788e+01
1.7440000000e+02 2.2735744164e+01
1.7450000000e+02 2.4253111252e+01
1.7460000000e+02 2.5809143278e+01
1.7470000000e+02 2.7401954542e+01
1.7480000000e+02 2.9029573392e+01
1.7490000000e+02 3.0689946270e+01
1.7500000000e+02 3.2380941813e+01
1.7510000000e+02 3.4100354980e+01
1.7520000000e+02 3.5845911195e+01
1.7530000000e+02 3.7615270497e+01
1.7540000000e+02 3.9406031678e+01
1.7550000000e+02 4.1215736398e+01
1.7560000000e+02 4.3041873291e+01
1.7570000000e+02 4.4881882034e+01
1.7580000000e+02 4.6733157406e+01
1.7590000000e+02 4.8593053316e+01
1.7600000000e+02 5.0458886823e+01
1.7610000000e+02 5.2327942156e+01
1.7620000000e+02 5.4197474729e+01
1.7630000000e+02 5.6064715178e+01
1.7640000000e+02 5.7926873430e+01
1.7650000000e+02 5.9781142812e+01
1.7660000000e+02 6.1624704220e+01
1.7670000000e+02 6.3454730362e+01
1.7680000000e+02 6.5268390082e+01
1.7690000000e+02 6.7062852793e+01
1.7700000000e+02 6.8835293012e+01
1.7710000000e+02 7.0582895029e+01
1.7720000000e+02 7.2302857692e+01
1.7730000000e+02 7.3992399348e+01
1.7740000000e+02 7.5648762905e+01
1.7750000000e+02 7.7269221051e+01
1.7760000000e+02 7.8851081601e+01
1.7770000000e+02 8.0391692986e+01
1.7780000000e+02 8.1888449859e+01
1.7790000000e+02 8.3338798815e+01
1.7800000000e+02 8.4740244205e+01
1.7810000000e+02 8.6090354030e+01
1.7820000000e+02 8.7386765883e+01
1.7830000000e+02 8.8627192917e+01
1.7840000000e+02 8.9809429822e+01
1.7850000000e+02 9.0931358755e+01
1.7860000000e+02 9.1990955217e+01
1.7870000000e+02 9.2986293819e+01
1.7880000000e+02 9.3915553919e+01
1.7890000000e+02 9.4777025076e+01
1.7900000000e+02 9.5569112301e+01
1.7910000000e+02 9.6290341044e+01
1.7920000000e+02 9.6939361909e+01
1.7930000000e+02 9.7514955031e+01
1.7940000000e+02 9.8016034105e+01
1.7950000000e+02 9.8441650021e+01
1.7960000000e+02 9.8790994074e+01
1.7970000000e+02 9.9063400738e+01
1.7980000000e+02 9.9258349960e+01
1.7990000000e+02 9.9375468969e+01
1.8000000000e+02 9.9414533578e+01
