# theta_deg  dsigma_over_M2
2.0000000000e+01 1.9918043232e+03
2.0100000000e+01 1.7648106449e+03
2.0200000000e+01 1.5625306571e+03
2.0300000000e+01 1.3880311606e+03
2.0400000000e+01 1.2430098159e+03
2.0500000000e+01 1.1278782574e+03
2.0600000000e+01 1.0418888140e+03
2.0700000000e+01 9.8329420678e+02
2.0800000000e+01 9.4952949371e+02
2.0900000000e+01 9.3740591313e+02
2.1000000000e+01 9.4330706537e+02
2.1100000000e+01 9.6337898056e+02
2.1200000000e+01 9.9370695455e+02
2.1300000000e+01 1.0304735090e+03
2.1400000000e+01 1.0700933599e+03
2.1500000000e+01 1.1093227843e+03
2.1600000000e+01 1.1453421998e+03
2.1700000000e+01 1.1758120495e+03
2.1800000000e+01 1.1989031959e+03
2.1900000000e+01 1.2133039302e+03
2.2000000000e+01 1.2182063886e+03
2.2100000000e+01 1.2132756451e+03
2.2200000000e+01 1.1986050076e+03
2.2300000000e+01 1.1746611250e+03
2.2400000000e+01 1.1422224133e+03
2.2500000000e+01 1.1023140842e+03
2.2600000000e+01 1.0561427158e+03
2.2700000000e+01 1.0050328942e+03
2.2800000000e+01 9.5036798878e+02
2.2900000000e+01 8.9353665139e+02
2.3000000000e+01 8.3588615152e+02
2.3100000000e+01 7.7868321956e+02
2.3200000000e+01 7.2308266786e+02
2.3300000000e+01 6.7010371523e+02
2.3400000000e+01 6.2061365761e+02
2.3500000000e+01 5.7531831081e+02
2.3600000000e+01 5.3475849808e+02
2.3700000000e+01 4.9931176226e+02
2.3800000000e+01 4.6919844327e+02
2.3900000000e+01 4.4449126722e+02
2.4000000000e+01 4.2512763593e+02
2.4100000000e+01 4.1092387345e+02
2.4200000000e+01 4.0159077237e+02
2.4300000000e+01 3.9674987615e+02
2.4400000000e+01 3.9595002947e+02
2.4500000000e+01 3.9868381831e+02
2.4600000000e+01 4.0440360282e+02
2.4700000000e+01 4.1253691402e+02
2.4800000000e+01 4.2250104051e+02
2.4900000000e+01 4.3371667187e+02
2.5000000000e+01 4.4562049367e+02
2.5100000000e+01 4.5767664639e+02
2.5200000000e+01 4.6938696942e+02
2.5300000000e+01 4.8029995536e+02
2.5400000000e+01 4.9001834091e+02
2.5500000000e+01 4.9820526310e+02
2.5600000000e+01 5.0458891366e+02
2.5700000000e+01 5.0896563444e+02
2.5800000000e+01 5.1120141156e+02
2.5900000000e+01 5.1123174825e+02
2.6000000000e+01 5.0905992407e+02
2.6100000000e+01 5.0475368195e+02
2.6200000000e+01 4.9844042206e+02
2.6300000000e+01 4.9030102175e+02
2.6400000000e+01 4.8056244075e+02
2.6500000000e+01 4.6948930964e+02
2.6600000000e+01 4.5737473340e+02
2.6700000000e+01 4.4453057042e+02
2.6800000000e+01 4.3127746685e+02
2.6900000000e+01 4.1793493772e+02
2.7000000000e+01 4.0481178629e+02
2.7100000000e+01 3.9219714353e+02
2.7200000000e+01 3.8035238919e+02
2.7300000000e+01 3.6950418569e+02
2.7400000000e+01 3.5983881731e+02
2.7500000000e+01 3.5149798170e+02
2.7600000000e+01 3.4457612914e+02
2.7700000000e+01 3.3911939149e+02
2.7800000000e+01 3.3512608749e+02
2.7900000000e+01 3.3254873762e+02
2.8000000000e+01 3.3129747170e+02
2.8100000000e+01 3.3124466768e+02
2.8200000000e+01 3.3223062262e+02
2.8300000000e+01 3.3407002759e+02
2.8400000000e+01 3.3655899840e+02
2.8500000000e+01 3.3948240389e+02
2.8600000000e+01 3.4262123353e+02
2.8700000000e+01 3.4575975487e+02
2.8800000000e+01 3.4869222989e+02
2.8900000000e+01 3.5122898480e+02
2.9000000000e+01 3.5320165990e+02
2.9100000000e+01 3.5446750340e+02
2.9200000000e+01 3.5491261287e+02
2.9300000000e+01 3.5445407004e+02
2.9400000000e+01 3.5304095600e+02
2.9500000000e+01 3.5065427355e+02
2.9600000000e+01 3.4730584024e+02
2.9700000000e+01 3.4303624755e+02
2.9800000000e+01 3.3791200877e+02
2.9900000000e+01 3.3202203874e+02
3.0000000000e+01 3.2547362302e+02
3.0100000000e+01 3.1838804179e+02
3.0200000000e+01 3.1089601510e+02
3.0300000000e+01 3.0313313123e+02
3.0400000000e+01 2.9523540978e+02
3.0500000000e+01 2.8733513609e+02
3.0600000000e+01 2.7955708500e+02
3.0700000000e+01 2.7201523005e+02
3.0800000000e+01 2.6481001133e+02
3.0900000000e+01 2.5802621049e+02
3.1000000000e+01 2.5173145793e+02
3.1100000000e+01 2.4597537364e+02
3.1200000000e+01 2.4078932244e+02
3.1300000000e+01 2.3618674523e+02
3.1400000000e+01 2.3216401223e+02
3.1500000000e+01 2.2870173126e+02
3.1600000000e+01 2.2576643498e+02
3.1700000000e+01 2.2331256519e+02
3.1800000000e+01 2.2128466948e+02
3.1900000000e+01 2.1961972642e+02
3.2000000000e+01 2.1824951827e+02
3.2100000000e+01 2.1710297639e+02
3.2200000000e+01 2.1610843158e+02
3.2300000000e+01 2.1519571109e+02
3.2400000000e+01 2.1429803367e+02
3.2500000000e+01 2.1335366482e+02
3.2600000000e+01 2.1230730513e+02
3.2700000000e+01 2.1111119462e+02
3.2800000000e+01 2.0972592633e+02
3.2900000000e+01 2.0812097087e+02
3.3000000000e+01 2.0627492200e+02
3.3100000000e+01 2.0417547958e+02
3.3200000000e+01 2.0181919233e+02
3.3300000000e+01 1.9921098640e+02
3.3400000000e+01 1.9636350955e+02
3.3500000000e+01 1.9329632194e+02
3.3600000000e+01 1.9003496596e+02
3.3700000000e+01 1.8660994713e+02
3.3800000000e+01 1.8305565743e+02
3.3900000000e+01 1.7940927094e+02
3.4000000000e+01 1.7570963968e+02
3.4100000000e+01 1.7199621521e+02
3.4200000000e+01 1.6830801902e+02
3.4300000000e+01 1.6468268160e+02
3.4400000000e+01 1.6115556776e+02
3.4500000000e+01 1.5775900231e+02
3.4600000000e+01 1.5452160759e+02
3.4700000000e+01 1.5146776132e+02
3.4800000000e+01 1.4861718056e+02
3.4900000000e+01 1.4598463476e+02
3.5000000000e+01 1.4357978823e+02
3.5100000000e+01 1.4140716988e+02
3.5200000000e+01 1.3946626569e+02
3.5300000000e+01 1.3775172704e+02
3.5400000000e+01 1.3625368601e+02
3.5500000000e+01 1.3495816664e+02
3.5600000000e+01 1.3384757969e+02
3.5700000000e+01 1.3290128665e+02
3.5800000000e+01 1.3209621780e+02
3.5900000000e+01 1.3140752808e+02
3.6000000000e+01 1.3080927395e+02
3.6100000000e+01 1.3027509439e+02
3.6200000000e+01 1.2977887909e+02
3.6300000000e+01 1.2929540791e+02
3.6400000000e+01 1.2880094609e+02
3.6500000000e+01 1.2827378162e+02
3.6600000000e+01 1.2769469249e+02
3.6700000000e+01 1.2704733373e+02
3.6800000000e+01 1.2631853636e+02
3.6900000000e+01 1.2549851293e+02
3.7000000000e+01 1.2458096683e+02
3.7100000000e+01 1.2356310529e+02
3.7200000000e+01 1.2244555854e+02
3.7300000000e+01 1.2123221027e+02
3.7400000000e+01 1.1992994663e+02
3.7500000000e+01 1.1854833334e+02
3.7600000000e+01 1.1709923210e+02
3.7700000000e+01 1.1559636896e+02
3.7800000000e+01 1.1405486822e+02
3.7900000000e+01 1.1249076613e+02
3.8000000000e+01 1.1092051865e+02
3.8100000000e+01 1.0936051730e+02
3.8200000000e+01 1.0782662646e+02
3.8300000000e+01 1.0633375411e+02
3.8400000000e+01 1.0489546705e+02
3.8500000000e+01 1.0352365943e+02
3.8600000000e+01 1.0222828188e+02
3.8700000000e+01 1.0101713618e+02
3.8800000000e+01 9.9895738615e+01
3.8900000000e+01 9.8867252679e+01
3.9000000000e+01 9.7932489980e+01
3.9100000000e+01 9.7089976198e+01
3.9200000000e+01 9.6336077173e+01
3.9300000000e+01 9.5665178765e+01
3.9400000000e+01 9.5069912830e+01
3.9500000000e+01 9.4541420751e+01
3.9600000000e+01 9.4069645336e+01
3.9700000000e+01 9.3643641538e+01
3.9800000000e+01 9.3251896468e+01
3.9900000000e+01 9.2882649427e+01
4.0000000000e+01 9.2524203191e+01
4.0100000000e+01 9.2165218551e+01
4.0200000000e+01 9.1794985050e+01
4.0300000000e+01 9.1403661907e+01
4.0400000000e+01 9.0982484346e+01
4.0500000000e+01 9.0523931754e+01
4.0600000000e+01 9.0021855374e+01
4.0700000000e+01 8.9471564455e+01
4.0800000000e+01 8.8869870986e+01
4.0900000000e+01 8.8215094196e+01
4.1000000000e+01 8.7507027028e+01
4.1100000000e+01 8.6746867594e+01
4.1200000000e+01 8.5937119359e+01
4.1300000000e+01 8.5081464346e+01
4.1400000000e+01 8.4184614036e+01
4.1500000000e+01 8.3252142912e+01
4.1600000000e+01 8.2290309698e+01
4.1700000000e+01 8.1305871289e+01
4.1800000000e+01 8.0305894270e+01
4.1900000000e+01 7.9297568620e+01
4.2000000000e+01 7.8288027908e+01
4.2100000000e+01 7.7284179815e+01
4.2200000000e+01 7.6292550415e+01
4.2300000000e+01 7.5319145072e+01
4.2400000000e+01 7.4369328329e+01
4.2500000000e+01 7.3447724564e+01
4.2600000000e+01 7.2558140696e+01
4.2700000000e+01 7.1703511631e+01
4.2800000000e+01 7.0885868635e+01
4.2900000000e+01 7.0106330348e+01
4.3000000000e+01 6.9365115645e+01
4.3100000000e+01 6.8661577169e+01
4.3200000000e+01 6.7994253935e+01
4.3300000000e+01 6.7360941115e+01
4.3400000000e+01 6.6758774773e+01
4.3500000000e+01 6.6184329134e+01
4.3600000000e+01 6.5633723742e+01
4.3700000000e+01 6.5102737773e+01
4.3800000000e+01 6.4586928672e+01
4.3900000000e+01 6.4081752279e+01
4.4000000000e+01 6.3582681655e+01
4.4100000000e+01 6.3085321905e+01
4.4200000000e+01 6.2585518460e+01
4.4300000000e+01 6.2079456475e+01
4.4400000000e+01 6.1563749254e+01
4.4500000000e+01 6.1035513912e+01
4.4600000000e+01 6.0492432791e+01
4.4700000000e+01 5.9932799544e+01
4.4800000000e+01 5.9355549147e+01
4.4900000000e+01 5.8760271507e+01
4.5000000000e+01 5.8147208745e+01
4.5100000000e+01 5.7517236591e+01
4.5200000000e+01 5.6871830742e+01
4.5300000000e+01 5.6213019357e+01
4.5400000000e+01 5.5543323197e+01
4.5500000000e+01 5.4865685171e+01
4.5600000000e+01 5.4183391316e+01
4.5700000000e+01 5.3499985344e+01
4.5800000000e+01 5.2819179080e+01
4.5900000000e+01 5.2144761084e+01
4.6000000000e+01 5.1480505809e+01
4.6100000000e+01 5.0830085523e+01
4.6200000000e+01 5.0196987110e+01
4.6300000000e+01 4.9584435703e+01
4.6400000000e+01 4.8995326817e+01
4.6500000000e+01 4.8432168443e+01
4.6600000000e+01 4.7897034216e+01
4.6700000000e+01 4.7391528464e+01
4.6800000000e+01 4.6916763614e+01
4.6900000000e+01 4.6473350091e+01
4.7000000000e+01 4.6061398512e+01
4.7100000000e+01 4.5680533673e+01
4.7200000000e+01 4.5329919535e+01
4.7300000000e+01 4.5008294165e+01
4.7400000000e+01 4.4714013362e+01
4.7500000000e+01 4.4445101535e+01
4.7600000000e+01 4.4199308271e+01
4.7700000000e+01 4.3974168938e+01
4.7800000000e+01 4.3767067653e+01
4.7900000000e+01 4.3575300947e+01
4.8000000000e+01 4.3396140515e+01
4.8100000000e+01 4.3226893546e+01
4.8200000000e+01 4.3064959249e+01
4.8300000000e+01 4.2907880355e+01
4.8400000000e+01 4.2753388560e+01
4.8500000000e+01 4.2599443081e+01
4.8600000000e+01 4.2444261699e+01
4.8700000000e+01 4.2286343888e+01
4.8800000000e+01 4.2124485838e+01
4.8900000000e+01 4.1957787401e+01
4.9000000000e+01 4.1785651164e+01
4.9100000000e+01 4.1607774050e+01
4.9200000000e+01 4.1424132011e+01
4.9300000000e+01 4.1234958496e+01
4.9400000000e+01 4.1040717509e+01
4.9500000000e+01 4.0842072156e+01
4.9600000000e+01 4.0639849632e+01
4.9700000000e+01 4.0435003660e+01
4.9800000000e+01 4.0228575374e+01
4.9900000000e+01 4.0021653660e+01
5.0000000000e+01 3.9815335917e+01
5.0100000000e+01 3.9610690149e+01
5.0200000000e+01 3.9408719243e+01
5.0300000000e+01 3.9210328189e+01
5.0400000000e+01 3.9016294910e+01
5.0500000000e+01 3.8827245273e+01
5.0600000000e+01 3.8643632718e+01
5.0700000000e+01 3.8465722840e+01
5.0800000000e+01 3.8293583153e+01
5.0900000000e+01 3.8127078104e+01
5.1000000000e+01 3.7965869335e+01
5.1100000000e+01 3.7809421050e+01
5.1200000000e+01 3.7657010249e+01
5.1300000000e+01 3.7507741474e+01
5.1400000000e+01 3.7360565667e+01
5.1500000000e+01 3.7214302598e+01
5.1600000000e+01 3.7067666314e+01
5.1700000000e+01 3.6919292966e+01
5.1800000000e+01 3.6767770364e+01
5.1900000000e+01 3.6611668547e+01
5.2000000000e+01 3.6449570682e+01
5.2100000000e+01 3.6280103599e+01
5.2200000000e+01 3.6101967271e+01
5.2300000000e+01 3.5913962607e+01
5.2400000000e+01 3.5715016964e+01
5.2500000000e+01 3.5504206844e+01
5.2600000000e+01 3.5280777311e+01
5.2700000000e+01 3.5044157741e+01
5.2800000000e+01 3.4793973633e+01
5.2900000000e+01 3.4530054250e+01
5.3000000000e+01 3.4252436024e+01
5.3100000000e+01 3.3961361692e+01
5.3200000000e+01 3.3657275272e+01
5.3300000000e+01 3.3340813076e+01
5.3400000000e+01 3.3012791008e+01
5.3500000000e+01 3.2674188539e+01
5.3600000000e+01 3.2326129752e+01
5.3700000000e+01 3.1969861965e+01
5.3800000000e+01 3.1606732447e+01
5.3900000000e+01 3.1238163799e+01
5.4000000000e+01 3.0865628574e+01
5.4100000000e+01 3.0490623714e+01
5.4200000000e+01 3.0114645386e+01
5.4300000000e+01 2.9739164754e+01
5.4400000000e+01 2.9365605189e+01
5.4500000000e+01 2.8995321388e+01
5.4600000000e+01 2.8629580792e+01
5.4700000000e+01 2.8269547627e+01
5.4800000000e+01 2.7916269834e+01
5.4900000000e+01 2.7570669064e+01
5.5000000000e+01 2.7233533833e+01
5.5100000000e+01 2.6905515853e+01
5.5200000000e+01 2.6587129492e+01
5.5300000000e+01 2.6278754224e+01
5.5400000000e+01 2.5980639868e+01
5.5500000000e+01 2.5692914365e+01
5.5600000000e+01 2.5415593786e+01
5.5700000000e+01 2.5148594217e+01
5.5800000000e+01 2.4891745139e+01
5.5900000000e+01 2.4644803916e+01
5.6000000000e+01 2.4407470968e+01
5.6100000000e+01 2.4179405228e+01
5.6200000000e+01 2.3960239481e+01
5.6300000000e+01 2.3749595219e+01
5.6400000000e+01 2.3547096646e+01
5.6500000000e+01 2.3352383534e+01
5.6600000000e+01 2.3165122650e+01
5.6700000000e+01 2.2985017532e+01
5.6800000000e+01 2.2811816431e+01
5.6900000000e+01 2.2645318300e+01
5.7000000000e+01 2.2485376750e+01
5.7100000000e+01 2.2331901958e+01
5.7200000000e+01 2.2184860543e+01
5.7300000000e+01 2.2044273491e+01
5.7400000000e+01 2.1910212253e+01
5.7500000000e+01 2.1782793151e+01
5.7600000000e+01 2.1662170312e+01
5.7700000000e+01 2.1548527321e+01
5.7800000000e+01 2.1442067856e+01
5.7900000000e+01 2.1343005551e+01
5.8000000000e+01 2.1251553357e+01
5.8100000000e+01 2.1167912690e+01
5.8200000000e+01 2.1092262608e+01
5.8300000000e+01 2.1024749319e+01
5.8400000000e+01 2.0965476234e+01
5.8500000000e+01 2.0914494837e+01
5.8600000000e+01 2.0871796553e+01
5.8700000000e+01 2.0837305823e+01
5.8800000000e+01 2.0810874528e+01
5.8900000000e+01 2.0792277900e+01
5.9000000000e+01 2.0781212005e+01
5.9100000000e+01 2.0777292853e+01
5.9200000000e+01 2.0780057155e+01
5.9300000000e+01 2.0788964721e+01
5.9400000000e+01 2.0803402436e+01
5.9500000000e+01 2.0822689732e+01
5.9600000000e+01 2.0846085448e+01
5.9700000000e+01 2.0872795930e+01
5.9800000000e+01 2.0901984196e+01
5.9900000000e+01 2.0932779986e+01
6.0000000000e+01 2.0964290486e+01
6.0100000000e+01 2.0995611499e+01
6.0200000000e+01 2.1025838854e+01
6.0300000000e+01 2.1054079805e+01
6.0400000000e+01 2.1079464210e+01
6.0500000000e+01 2.1101155254e+01
6.0600000000e+01 2.1118359536e+01
6.0700000000e+01 2.1130336302e+01
6.0800000000e+01 2.1136405683e+01
6.0900000000e+01 2.1135955767e+01
6.1000000000e+01 2.1128448422e+01
6.1100000000e+01 2.1113423749e+01
6.1200000000e+01 2.1090503141e+01
6.1300000000e+01 2.1059390896e+01
6.1400000000e+01 2.1019874414e+01
6.1500000000e+01 2.0971823010e+01
6.1600000000e+01 2.0915185403e+01
6.1700000000e+01 2.0849985987e+01
6.1800000000e+01 2.0776320004e+01
6.1900000000e+01 2.0694347750e+01
6.2000000000e+01 2.0604287978e+01
6.2100000000e+01 2.0506410678e+01
6.2200000000e+01 2.0401029389e+01
6.2300000000e+01 2.0288493259e+01
6.2400000000e+01 2.0169179000e+01
6.2500000000e+01 2.0043482952e+01
6.2600000000e+01 1.9911813402e+01
6.2700000000e+01 1.9774583320e+01
6.2800000000e+01 1.9632203660e+01
6.2900000000e+01 1.9485077348e+01
6.3000000000e+01 1.9333594046e+01
6.3100000000e+01 1.9178125796e+01
6.3200000000e+01 1.9019023570e+01
6.3300000000e+01 1.8856614787e+01
6.3400000000e+01 1.8691201779e+01
6.3500000000e+01 1.8523061212e+01
6.3600000000e+01 1.8352444407e+01
6.3700000000e+01 1.8179578515e+01
6.3800000000e+01 1.8004668462e+01
6.3900000000e+01 1.7827899578e+01
6.4000000000e+01 1.7649440798e+01
6.4100000000e+01 1.7469448329e+01
6.4200000000e+01 1.7288069648e+01
6.4300000000e+01 1.7105447722e+01
6.4400000000e+01 1.6921725303e+01
6.4500000000e+01 1.6737049188e+01
6.4600000000e+01 1.6551574318e+01
6.4700000000e+01 1.6365467600e+01
6.4800000000e+01 1.6178911354e+01
6.4900000000e+01 1.5992106291e+01
6.5000000000e+01 1.5805273938e+01
6.5100000000e+01 1.5618658456e+01
6.5200000000e+01 1.5432527794e+01
6.5300000000e+01 1.5247174153e+01
6.5400000000e+01 1.5062913741e+01
6.5500000000e+01 1.4880085819e+01
6.5600000000e+01 1.4699051061e+01
6.5700000000e+01 1.4520189254e+01
6.5800000000e+01 1.4343896387e+01
6.5900000000e+01 1.4170581190e+01
6.6000000000e+01 1.4000661195e+01
6.6100000000e+01 1.3834558396e+01
6.6200000000e+01 1.3672694601e+01
6.6300000000e+01 1.3515486569e+01
6.6400000000e+01 1.3363341037e+01
6.6500000000e+01 1.3216649722e+01
6.6600000000e+01 1.3075784419e+01
6.6700000000e+01 1.2941092282e+01
6.6800000000e+01 1.2812891371e+01
6.6900000000e+01 1.2691466578e+01
6.7000000000e+01 1.2577065986e+01
6.7100000000e+01 1.2469897740e+01
6.7200000000e+01 1.2370127493e+01
6.7300000000e+01 1.2277876455e+01
6.7400000000e+01 1.2193220105e+01
6.7500000000e+01 1.2116187553e+01
6.7600000000e+01 1.2046761580e+01
6.7700000000e+01 1.1984879343e+01
6.7800000000e+01 1.1930433710e+01
6.7900000000e+01 1.1883275205e+01
6.8000000000e+01 1.1843214508e+01
6.8100000000e+01 1.1810025452e+01
6.8200000000e+01 1.1783448456e+01
6.8300000000e+01 1.1763194303e+01
6.8400000000e+01 1.1748948209e+01
6.8500000000e+01 1.1740374069e+01
6.8600000000e+01 1.1737118816e+01
6.8700000000e+01 1.1738816790e+01
6.8800000000e+01 1.1745094042e+01
6.8900000000e+01 1.1755572491e+01
6.9000000000e+01 1.1769873849e+01
6.9100000000e+01 1.1787623258e+01
6.9200000000e+01 1.1808452574e+01
6.9300000000e+01 1.1832003243e+01
6.9400000000e+01 1.1857928734e+01
6.9500000000e+01 1.1885896508e+01
6.9600000000e+01 1.1915589488e+01
6.9700000000e+01 1.1946707047e+01
6.9800000000e+01 1.1978965502e+01
6.9900000000e+01 1.2012098148e+01
7.0000000000e+01 1.2045854846e+01
7.0100000000e+01 1.2080001216e+01
7.0200000000e+01 1.2114317468e+01
7.0300000000e+01 1.2148596940e+01
7.0400000000e+01 1.2182644379e+01
7.0500000000e+01 1.2216274055e+01
7.0600000000e+01 1.2249307750e+01
7.0700000000e+01 1.2281572697e+01
7.0800000000e+01 1.2312899533e+01
7.0900000000e+01 1.2343120333e+01
7.1000000000e+01 1.2372066774e+01
7.1100000000e+01 1.2399568492e+01
7.1200000000e+01 1.2425451671e+01
7.1300000000e+01 1.2449537920e+01
7.1400000000e+01 1.2471643450e+01
7.1500000000e+01 1.2491578595e+01
7.1600000000e+01 1.2509147683e+01
7.1700000000e+01 1.2524149267e+01
7.1800000000e+01 1.2536376713e+01
7.1900000000e+01 1.2545619140e+01
7.2000000000e+01 1.2551662684e+01
7.2100000000e+01 1.2554292077e+01
7.2200000000e+01 1.2553292489e+01
7.2300000000e+01 1.2548451608e+01
7.2400000000e+01 1.2539561911e+01
7.2500000000e+01 1.2526423082e+01
7.2600000000e+01 1.2508844516e+01
7.2700000000e+01 1.2486647870e+01
7.2800000000e+01 1.2459669599e+01
7.2900000000e+01 1.2427763433e+01
7.3000000000e+01 1.2390802734e+01
7.3100000000e+01 1.2348682692e+01
7.3200000000e+01 1.2301322317e+01
7.3300000000e+01 1.2248666176e+01
7.3400000000e+01 1.2190685854e+01
7.3500000000e+01 1.2127381099e+01
7.3600000000e+01 1.2058780628e+01
7.3700000000e+01 1.1984942590e+01
7.3800000000e+01 1.1905954655e+01
7.3900000000e+01 1.1821933751e+01
7.4000000000e+01 1.1733025433e+01
7.4100000000e+01 1.1639402907e+01
7.4200000000e+01 1.1541265726e+01
7.4300000000e+01 1.1438838175e+01
7.4400000000e+01 1.1332367384e+01
7.4500000000e+01 1.1222121199e+01
7.4600000000e+01 1.1108385846e+01
7.4700000000e+01 1.0991463435e+01
7.4800000000e+01 1.0871669349e+01
7.4900000000e+01 1.0749329555e+01
7.5000000000e+01 1.0624777893e+01
7.5100000000e+01 1.0498353384e+01
7.5200000000e+01 1.0370397593e+01
7.5300000000e+01 1.0241252104e+01
7.5400000000e+01 1.0111256130e+01
7.5500000000e+01 9.9807443005e+00
7.5600000000e+01 9.8500446546e+00
7.5700000000e+01 9.7194768582e+00
7.5800000000e+01 9.5893506714e+00
7.5900000000e+01 9.4599646734e+00
7.6000000000e+01 9.3316052524e+00
7.6100000000e+01 9.2045458621e+00
7.6200000000e+01 9.0790465377e+00
7.6300000000e+01 8.9553536610e+00
7.6400000000e+01 8.8336999580e+00
7.6500000000e+01 8.7143047074e+00
7.6600000000e+01 8.5973741360e+00
7.6700000000e+01 8.4831019708e+00
7.6800000000e+01 8.3716701180e+00
7.6900000000e+01 8.2632494345e+00
7.7000000000e+01 8.1580005598e+00
7.7100000000e+01 8.0560747718e+00
7.7200000000e+01 7.9576148355e+00
7.7300000000e+01 7.8627558111e+00
7.7400000000e+01 7.7716257928e+00
7.7500000000e+01 7.6843465507e+00
7.7600000000e+01 7.6010340543e+00
7.7700000000e+01 7.5217988559e+00
7.7800000000e+01 7.4467463216e+00
7.7900000000e+01 7.3759766979e+00
7.8000000000e+01 7.3095850093e+00
7.8100000000e+01 7.2476607859e+00
7.8200000000e+01 7.1902876255e+00
7.8300000000e+01 7.1375425985e+00
7.8400000000e+01 7.0894955091e+00
7.8500000000e+01 7.0462080284e+00
7.8600000000e+01 7.0077327218e+00
7.8700000000e+01 6.9741119915e+00
7.8800000000e+01 6.9453769620e+00
7.8900000000e+01 6.9215463336e+00
7.9000000000e+01 6.9026252342e+00
7.9100000000e+01 6.8886040977e+00
7.9200000000e+01 6.8794575961e+00
7.9300000000e+01 6.8751436562e+00
7.9400000000e+01 6.8756025839e+00
7.9500000000e+01 6.8807563228e+00
7.9600000000e+01 6.8905078686e+00
7.9700000000e+01 6.9047408573e+00
7.9800000000e+01 6.9233193436e+00
7.9900000000e+01 6.9460877826e+00
8.0000000000e+01 6.9728712204e+00
8.0100000000e+01 7.0034757009e+00
8.0200000000e+01 7.0376888871e+00
8.0300000000e+01 7.0752808935e+00
8.0400000000e+01 7.1160053231e+00
8.0500000000e+01 7.1596004956e+00
8.0600000000e+01 7.2057908544e+00
8.0700000000e+01 7.2542885319e+00
8.0800000000e+01 7.3047950543e+00
8.0900000000e+01 7.3570031615e+00
8.1000000000e+01 7.4105987179e+00
8.1100000000e+01 7.4652626868e+00
8.1200000000e+01 7.5206731420e+00
8.1300000000e+01 7.5765072875e+00
8.1400000000e+01 7.6324434597e+00
8.1500000000e+01 7.6881630840e+00
8.1600000000e+01 7.7433525606e+00
8.1700000000e+01 7.7977050557e+00
8.1800000000e+01 7.8509221768e+00
8.1900000000e+01 7.9027155129e+00
8.2000000000e+01 7.9528080225e+00
8.2100000000e+01 8.0009352578e+00
8.2200000000e+01 8.0468464145e+00
8.2300000000e+01 8.0903052010e+00
8.2400000000e+01 8.1310905241e+00
8.2500000000e+01 8.1689969936e+00
8.2600000000e+01 8.2038352469e+00
8.2700000000e+01 8.2354321048e+00
8.2800000000e+01 8.2636305659e+00
8.2900000000e+01 8.2882896543e+00
8.3000000000e+01 8.3092841359e+00
8.3100000000e+01 8.3265041208e+00
8.3200000000e+01 8.3398545696e+00
8.3300000000e+01 8.3492547258e+00
8.3400000000e+01 8.3546374924e+00
8.3500000000e+01 8.3559487749e+00
8.3600000000e+01 8.3531468105e+00
8.3700000000e+01 8.3462015015e+00
8.3800000000e+01 8.3350937731e+00
8.3900000000e+01 8.3198149704e+00
8.4000000000e+01 8.3003663084e+00
8.4100000000e+01 8.2767583883e+00
8.4200000000e+01 8.2490107887e+00
8.4300000000e+01 8.2171517384e+00
8.4400000000e+01 8.1812178740e+00
8.4500000000e+01 8.1412540850e+00
8.4600000000e+01 8.0973134432e+00
8.4700000000e+01 8.0494572119e+00
8.4800000000e+01 7.9977549290e+00
8.4900000000e+01 7.9422845540e+00
8.5000000000e+01 7.8831326682e+00
8.5100000000e+01 7.8203947140e+00
8.5200000000e+01 7.7541752609e+00
8.5300000000e+01 7.6845882813e+00
8.5400000000e+01 7.6117574210e+00
8.5500000000e+01 7.5358162487e+00
8.5600000000e+01 7.4569084682e+00
8.5700000000e+01 7.3751880777e+00
8.5800000000e+01 7.2908194634e+00
8.5900000000e+01 7.2039774123e+00
8.6000000000e+01 7.1148470351e+00
8.6100000000e+01 7.0236235874e+00
8.6200000000e+01 6.9305121831e+00
8.6300000000e+01 6.8357273939e+00
8.6400000000e+01 6.7394927323e+00
8.6500000000e+01 6.6420400166e+00
8.6600000000e+01 6.5436086213e+00
8.6700000000e+01 6.4444446147e+00
8.6800000000e+01 6.3447997918e+00
8.6900000000e+01 6.2449306107e+00
8.7000000000e+01 6.1450970422e+00
8.7100000000e+01 6.0455613455e+00
8.7200000000e+01 5.9465867838e+00
8.7300000000e+01 5.8484362942e+00
8.7400000000e+01 5.7513711281e+00
8.7500000000e+01 5.6556494796e+00
8.7600000000e+01 5.5615251163e+00
8.7700000000e+01 5.4692460325e+00
8.7800000000e+01 5.3790531392e+00
8.7900000000e+01 5.2911790069e+00
8.8000000000e+01 5.2058466775e+00
8.8100000000e+01 5.1232685579e+00
8.8200000000e+01 5.0436454080e+00
8.8300000000e+01 4.9671654335e+00
8.8400000000e+01 4.8940034930e+00
8.8500000000e+01 4.8243204254e+00
8.8600000000e+01 4.7582625030e+00
8.8700000000e+01 4.6959610118e+00
8.8800000000e+01 4.6375319611e+00
8.8900000000e+01 4.5830759189e+00
8.9000000000e+01 4.5326779706e+00
8.9100000000e+01 4.4864077943e+00
8.9200000000e+01 4.4443198456e+00
8.9300000000e+01 4.4064536430e+00
8.9400000000e+01 4.3728341430e+00
8.9500000000e+01 4.3434721926e+00
8.9600000000e+01 4.3183650481e+00
8.9700000000e+01 4.2974969458e+00
8.9800000000e+01 4.2808397120e+00
8.9900000000e+01 4.2683533977e+00
9.0000000000e+01 4.2599869268e+00
9.0100000000e+01 4.2556787433e+00
9.0200000000e+01 4.2553574468e+00
9.0300000000e+01 4.2589424060e+00
9.0400000000e+01 4.2663443396e+00
9.0500000000e+01 4.2774658583e+00
9.0600000000e+01 4.2922019603e+00
9.0700000000e+01 4.3104404771e+00
9.0800000000e+01 4.3320624652e+00
9.0900000000e+01 4.3569425448e+00
9.1000000000e+01 4.3849491845e+00
9.1100000000e+01 4.4159449356e+00
9.1200000000e+01 4.4497866196e+00
9.1300000000e+01 4.4863254755e+00
9.1400000000e+01 4.5254072720e+00
9.1500000000e+01 4.5668723943e+00
9.1600000000e+01 4.6105559138e+00
9.1700000000e+01 4.6562876498e+00
9.1800000000e+01 4.7038922331e+00
9.1900000000e+01 4.7531891824e+00
9.2000000000e+01 4.8039930019e+00
9.2100000000e+01 4.8561133107e+00
9.2200000000e+01 4.9093550122e+00
9.2300000000e+01 4.9635185118e+00
9.2400000000e+01 5.0183999893e+00
9.2500000000e+01 5.0737917329e+00
9.2600000000e+01 5.1294825373e+00
9.2700000000e+01 5.1852581711e+00
9.2800000000e+01 5.2409019127e+00
9.2900000000e+01 5.2961951562e+00
9.3000000000e+01 5.3509180848e+00
9.3100000000e+01 5.4048504077e+00
9.3200000000e+01 5.4577721576e+00
9.3300000000e+01 5.5094645408e+00
9.3400000000e+01 5.5597108332e+00
9.3500000000e+01 5.6082973132e+00
9.3600000000e+01 5.6550142232e+00
9.3700000000e+01 5.6996567470e+00
9.3800000000e+01 5.7420259949e+00
9.3900000000e+01 5.7819299833e+00
9.4000000000e+01 5.8191845977e+00
9.4100000000e+01 5.8536145287e+00
9.4200000000e+01 5.8850541687e+00
9.4300000000e+01 5.9133484595e+00
9.4400000000e+01 5.9383536802e+00
9.4500000000e+01 5.9599381674e+00
9.4600000000e+01 5.9779829576e+00
9.4700000000e+01 5.9923823477e+00
9.4800000000e+01 6.0030443646e+00
9.4900000000e+01 6.0098911434e+00
9.5000000000e+01 6.0128592068e+00
9.5100000000e+01 6.0118996487e+00
9.5200000000e+01 6.0069782191e+00
9.5300000000e+01 5.9980753118e+00
9.5400000000e+01 5.9851858603e+00
9.5500000000e+01 5.9683191420e+00
9.5600000000e+01 5.9474985000e+00
9.5700000000e+01 5.9227609862e+00
9.5800000000e+01 5.8941569337e+00
9.5900000000e+01 5.8617494680e+00
9.6000000000e+01 5.8256139631e+00
9.6100000000e+01 5.7858374542e+00
9.6200000000e+01 5.7425180150e+00
9.6300000000e+01 5.6957641090e+00
9.6400000000e+01 5.6456939249e+00
9.6500000000e+01 5.5924347040e+00
9.6600000000e+01 5.5361220687e+00
9.6700000000e+01 5.4768993598e+00
9.6800000000e+01 5.4149169887e+00
9.6900000000e+01 5.3503318123e+00
9.7000000000e+01 5.2833065328e+00
9.7100000000e+01 5.2140091296e+00
9.7200000000e+01 5.1426123228e+00
9.7300000000e+01 5.0692930717e+00
9.7400000000e+01 4.9942321088e+00
9.7500000000e+01 4.9176135067e+00
9.7600000000e+01 4.8396242783e+00
9.7700000000e+01 4.7604540057e+00
9.7800000000e+01 4.6802944948e+00
9.7900000000e+01 4.5993394516e+00
9.8000000000e+01 4.5177841735e+00
9.8100000000e+01 4.4358252524e+00
9.8200000000e+01 4.3536602811e+00
9.8300000000e+01 4.2714875595e+00
9.8400000000e+01 4.1895057929e+00
9.8500000000e+01 4.1079137779e+00
9.8600000000e+01 4.0269100697e+00
9.8700000000e+01 3.9466926271e+00
9.8800000000e+01 3.8674584297e+00
9.8900000000e+01 3.7894030657e+00
9.9000000000e+01 3.7127202859e+00
9.9100000000e+01 3.6376015251e+00
9.9200000000e+01 3.5642353870e+00
9.9300000000e+01 3.4928070969e+00
9.9400000000e+01 3.4234979211e+00
9.9500000000e+01 3.3564845571e+00
9.9600000000e+01 3.2919384978e+00
9.9700000000e+01 3.2300253744e+00
9.9800000000e+01 3.1709042843e+00
9.9900000000e+01 3.1147271081e+00
1.0000000000e+02 3.0616378253e+00
1.0010000000e+02 3.0117718339e+00
1.0020000000e+02 2.9652552822e+00
1.0030000000e+02 2.9222044216e+00
1.0040000000e+02 2.8827249869e+00
1.0050000000e+02 2.8469116124e+00
1.0060000000e+02 2.8148472924e+00
1.0070000000e+02 2.7866028916e+00
1.0080000000e+02 2.7622367132e+00
1.0090000000e+02 2.7417941303e+00
1.0100000000e+02 2.7253072862e+00
1.0110000000e+02 2.7127948667e+00
1.0120000000e+02 2.7042619497e+00
1.0130000000e+02 2.6996999330e+00
1.0140000000e+02 2.6990865421e+00
1.0150000000e+02 2.7023859190e+00
1.0160000000e+02 2.7095487896e+00
1.0170000000e+02 2.7205127096e+00
1.0180000000e+02 2.7352023853e+00
1.0190000000e+02 2.7535300648e+00
1.0200000000e+02 2.7753959973e+00
1.0210000000e+02 2.8006889513e+00
1.0220000000e+02 2.8292867899e+00
1.0230000000e+02 2.8610570927e+00
1.0240000000e+02 2.8958578197e+00
1.0250000000e+02 2.9335380088e+00
1.0260000000e+02 2.9739384990e+00
1.0270000000e+02 3.0168926724e+00
1.0280000000e+02 3.0622272068e+00
1.0290000000e+02 3.1097628323e+00
1.0300000000e+02 3.1593150838e+00
1.0310000000e+02 3.2106950444e+00
1.0320000000e+02 3.2637100726e+00
1.0330000000e+02 3.3181645086e+00
1.0340000000e+02 3.3738603551e+00
1.0350000000e+02 3.4305979298e+00
1.0360000000e+02 3.4881764843e+00
1.0370000000e+02 3.5463947912e+00
1.0380000000e+02 3.6050516949e+00
1.0390000000e+02 3.6639466279e+00
1.0400000000e+02 3.7228800925e+00
1.0410000000e+02 3.7816541100e+00
1.0420000000e+02 3.8400726377e+00
1.0430000000e+02 3.8979419591e+00
1.0440000000e+02 3.9550710484e+00
1.0450000000e+02 4.0112719133e+00
1.0460000000e+02 4.0663599213e+00
1.0470000000e+02 4.1201541115e+00
1.0480000000e+02 4.1724774985e+00
1.0490000000e+02 4.2231573697e+00
1.0500000000e+02 4.2720255827e+00
1.0510000000e+02 4.3189188641e+00
1.0520000000e+02 4.3636791142e+00
1.0530000000e+02 4.4061537195e+00
1.0540000000e+02 4.4461958755e+00
1.0550000000e+02 4.4836649209e+00
1.0560000000e+02 4.5184266845e+00
1.0570000000e+02 4.5503538436e+00
1.0580000000e+02 4.5793262943e+00
1.0590000000e+02 4.6052315318e+00
1.0600000000e+02 4.6279650384e+00
1.0610000000e+02 4.6474306757e+00
1.0620000000e+02 4.6635410793e+00
1.0630000000e+02 4.6762180496e+00
1.0640000000e+02 4.6853929360e+00
1.0650000000e+02 4.6910070087e+00
1.0660000000e+02 4.6930118130e+00
1.0670000000e+02 4.6913695015e+00
1.0680000000e+02 4.6860531373e+00
1.0690000000e+02 4.6770469646e+00
1.0700000000e+02 4.6643466405e+00
1.0710000000e+02 4.6479594235e+00
1.0720000000e+02 4.6279043138e+00
1.0730000000e+02 4.6042121422e+00
1.0740000000e+02 4.5769256036e+00
1.0750000000e+02 4.5460992323e+00
1.0760000000e+02 4.5117993171e+00
1.0770000000e+02 4.4741037553e+00
1.0780000000e+02 4.4331018442e+00
1.0790000000e+02 4.3888940111e+00
1.0800000000e+02 4.3415914818e+00
1.0810000000e+02 4.2913158915e+00
1.0820000000e+02 4.2381988375e+00
1.0830000000e+02 4.1823813802e+00
1.0840000000e+02 4.1240134939e+00
1.0850000000e+02 4.0632534733e+00
1.0860000000e+02 4.0002673002e+00
1.0870000000e+02 3.9352279761e+00
1.0880000000e+02 3.8683148264e+00
1.0890000000e+02 3.7997127817e+00
1.0900000000e+02 3.7296116432e+00
1.0910000000e+02 3.6582053388e+00
1.0920000000e+02 3.5856911737e+00
1.0930000000e+02 3.5122690843e+00
1.0940000000e+02 3.4381408996e+00
1.0950000000e+02 3.3635096149e+00
1.0960000000e+02 3.2885786846e+00
1.0970000000e+02 3.2135513364e+00
1.0980000000e+02 3.1386299115e+00
1.0990000000e+02 3.0640152351e+00
1.1000000000e+02 2.9899060180e+00
1.1010000000e+02 2.9164982914e+00
1.1020000000e+02 2.8439848779e+00
1.1030000000e+02 2.7725548966e+00
1.1040000000e+02 2.7023933044e+00
1.1050000000e+02 2.6336804708e+00
1.1060000000e+02 2.5665917870e+00
1.1070000000e+02 2.5012973051e+00
1.1080000000e+02 2.4379614073e+00
1.1090000000e+02 2.3767425010e+00
1.1100000000e+02 2.3177927373e+00
1.1110000000e+02 2.2612577505e+00
1.1120000000e+02 2.2072764139e+00
1.1130000000e+02 2.1559806108e+00
1.1140000000e+02 2.1074950151e+00
1.1150000000e+02 2.0619368813e+00
1.1160000000e+02 2.0194158391e+00
1.1170000000e+02 1.9800336915e+00
1.1180000000e+02 1.9438842145e+00
1.1190000000e+02 1.9110529560e+00
1.1200000000e+02 1.8816170349e+00
1.1210000000e+02 1.8556449380e+00
1.1220000000e+02 1.8331963166e+00
1.1230000000e+02 1.8143217822e+00
1.1240000000e+02 1.7990627047e+00
1.1250000000e+02 1.7874510120e+00
1.1260000000e+02 1.7795089968e+00
1.1270000000e+02 1.7752491300e+00
1.1280000000e+02 1.7746738875e+00
1.1290000000e+02 1.7777755902e+00
1.1300000000e+02 1.7845362642e+00
1.1310000000e+02 1.7949275232e+00
1.1320000000e+02 1.8089104772e+00
1.1330000000e+02 1.8264356724e+00
1.1340000000e+02 1.8474430656e+00
1.1350000000e+02 1.8718620355e+00
1.1360000000e+02 1.8996114369e+00
1.1370000000e+02 1.9305996980e+00
1.1380000000e+02 1.9647249648e+00
1.1390000000e+02 2.0018752945e+00
1.1400000000e+02 2.0419288983e+00
1.1410000000e+02 2.0847544365e+00
1.1420000000e+02 2.1302113632e+00
1.1430000000e+02 2.1781503229e+00
1.1440000000e+02 2.2284135963e+00
1.1450000000e+02 2.2808355939e+00
1.1460000000e+02 2.3352433952e+00
1.1470000000e+02 2.3914573304e+00
1.1480000000e+02 2.4492916011e+00
1.1490000000e+02 2.5085549360e+00
1.1500000000e+02 2.5690512770e+00
1.1510000000e+02 2.6305804910e+00
1.1520000000e+02 2.6929391027e+00
1.1530000000e+02 2.7559210417e+00
1.1540000000e+02 2.8193184001e+00
1.1550000000e+02 2.8829221942e+00
1.1560000000e+02 2.9465231248e+00
1.1570000000e+02 3.0099123306e+00
1.1580000000e+02 3.0728821307e+00
1.1590000000e+02 3.1352267495e+00
1.1600000000e+02 3.1967430210e+00
1.1610000000e+02 3.2572310676e+00
1.1620000000e+02 3.3164949499e+00
1.1630000000e+02 3.3743432845e+00
1.1640000000e+02 3.4305898268e+00
1.1650000000e+02 3.4850540175e+00
1.1660000000e+02 3.5375614903e+00
1.1670000000e+02 3.5879445403e+00
1.1680000000e+02 3.6360425540e+00
1.1690000000e+02 3.6817023984e+00
1.1700000000e+02 3.7247787725e+00
1.1710000000e+02 3.7651345214e+00
1.1720000000e+02 3.8026409142e+00
1.1730000000e+02 3.8371778881e+00
1.1740000000e+02 3.8686342611e+00
1.1750000000e+02 3.8969079155e+00
1.1760000000e+02 3.9219059547e+00
1.1770000000e+02 3.9435448365e+00
1.1780000000e+02 3.9617504854e+00
1.1790000000e+02 3.9764583856e+00
1.1800000000e+02 3.9876136588e+00
1.1810000000e+02 3.9951711282e+00
1.1820000000e+02 3.9990953700e+00
1.1830000000e+02 3.9993607554e+00
1.1840000000e+02 3.9959514834e+00
1.1850000000e+02 3.9888616057e+00
1.1860000000e+02 3.9780950439e+00
1.1870000000e+02 3.9636655995e+00
1.1880000000e+02 3.9455969551e+00
1.1890000000e+02 3.9239226674e+00
1.1900000000e+02 3.8986861501e+00
1.1910000000e+02 3.8699406446e+00
1.1920000000e+02 3.8377491771e+00
1.1930000000e+02 3.8021844997e+00
1.1940000000e+02 3.7633290133e+00
1.1950000000e+02 3.7212746691e+00
1.1960000000e+02 3.6761228466e+00
1.1970000000e+02 3.6279842046e+00
1.1980000000e+02 3.5769785044e+00
1.1990000000e+02 3.5232343995e+00
1.2000000000e+02 3.4668891937e+00
1.2010000000e+02 3.4080885612e+00
1.2020000000e+02 3.3469862310e+00
1.2030000000e+02 3.2837436312e+00
1.2040000000e+02 3.2185294948e+00
1.2050000000e+02 3.1515194249e+00
1.2060000000e+02 3.0828954205e+00
1.2070000000e+02 3.0128453636e+00
1.2080000000e+02 2.9415624683e+00
1.2090000000e+02 2.8692446943e+00
1.2100000000e+02 2.7960941266e+00
1.2110000000e+02 2.7223163251e+00
1.2120000000e+02 2.6481196466e+00
1.2130000000e+02 2.5737145430e+00
1.2140000000e+02 2.4993128402e+00
1.2150000000e+02 2.4251270028e+00
1.2160000000e+02 2.3513693871e+00
1.2170000000e+02 2.2782514899e+00
1.2180000000e+02 2.2059831963e+00
1.2190000000e+02 2.1347720325e+00
1.2200000000e+02 2.0648224283e+00
1.2210000000e+02 1.9963349937e+00
1.2220000000e+02 1.9295058156e+00
1.2230000000e+02 1.8645257778e+00
1.2240000000e+02 1.8015799095e+00
1.2250000000e+02 1.7408467648e+00
1.2260000000e+02 1.6824978386e+00
1.2270000000e+02 1.6266970199e+00
1.2280000000e+02 1.5736000864e+00
1.2290000000e+02 1.5233542407e+00
1.2300000000e+02 1.4760976920e+00
1.2310000000e+02 1.4319592819e+00
1.2320000000e+02 1.3910581552e+00
1.2330000000e+02 1.3535034770e+00
1.2340000000e+02 1.3193941933e+00
1.2350000000e+02 1.2888188356e+00
1.2360000000e+02 1.2618553671e+00
1.2370000000e+02 1.2385710689e+00
1.2380000000e+02 1.2190224649e+00
1.2390000000e+02 1.2032552802e+00
1.2400000000e+02 1.1913044343e+00
1.2410000000e+02 1.1831940626e+00
1.2420000000e+02 1.1789375658e+00
1.2430000000e+02 1.1785376833e+00
1.2440000000e+02 1.1819865879e+00
1.2450000000e+02 1.1892659997e+00
1.2460000000e+02 1.2003473156e+00
1.2470000000e+02 1.2151917541e+00
1.2480000000e+02 1.2337505116e+00
1.2490000000e+02 1.2559649295e+00
1.2500000000e+02 1.2817666708e+00
1.2510000000e+02 1.3110779057e+00
1.2520000000e+02 1.3438115050e+00
1.2530000000e+02 1.3798712418e+00
1.2540000000e+02 1.4191520016e+00
1.2550000000e+02 1.4615400017e+00
1.2560000000e+02 1.5069130206e+00
1.2570000000e+02 1.5551406385e+00
1.2580000000e+02 1.6060844914e+00
1.2590000000e+02 1.6595985395e+00
1.2600000000e+02 1.7155293520e+00
1.2610000000e+02 1.7737164107e+00
1.2620000000e+02 1.8339924337e+00
1.2630000000e+02 1.8961837214e+00
1.2640000000e+02 1.9601105267e+00
1.2650000000e+02 2.0255874506e+00
1.2660000000e+02 2.0924238648e+00
1.2670000000e+02 2.1604243618e+00
1.2680000000e+02 2.2293892340e+00
1.2690000000e+02 2.2991149813e+00
1.2700000000e+02 2.3693948474e+00
1.2710000000e+02 2.4400193837e+00
1.2720000000e+02 2.5107770408e+00
1.2730000000e+02 2.5814547843e+00
1.2740000000e+02 2.6518387348e+00
1.2750000000e+02 2.7217148278e+00
1.2760000000e+02 2.7908694918e+00
1.2770000000e+02 2.8590903409e+00
1.2780000000e+02 2.9261668779e+00
1.2790000000e+02 2.9918912042e+00
1.2800000000e+02 3.0560587323e+00
1.2810000000e+02 3.1184688963e+00
1.2820000000e+02 3.1789258560e+00
1.2830000000e+02 3.2372391893e+00
1.2840000000e+02 3.2932245695e+00
1.2850000000e+02 3.3467044215e+00
1.2860000000e+02 3.3975085539e+00
1.2870000000e+02 3.4454747614e+00
1.2880000000e+02 3.4904493950e+00
1.2890000000e+02 3.5322878946e+00
1.2900000000e+02 3.5708552830e+00
1.2910000000e+02 3.6060266159e+00
1.2920000000e+02 3.6376873882e+00
1.2930000000e+02 3.6657338924e+00
1.2940000000e+02 3.6900735288e+00
1.2950000000e+02 3.7106250672e+00
1.2960000000e+02 3.7273188582e+00
1.2970000000e+02 3.7400969955e+00
1.2980000000e+02 3.7489134292e+00
1.2990000000e+02 3.7537340320e+00
1.3000000000e+02 3.7545366182e+00
1.3010000000e+02 3.7513109197e+00
1.3020000000e+02 3.7440585189e+00
1.3030000000e+02 3.7327927431e+00
1.3040000000e+02 3.7175385220e+00
1.3050000000e+02 3.6983322115e+00
1.3060000000e+02 3.6752213868e+00
1.3070000000e+02 3.6482646094e+00
1.3080000000e+02 3.6175311680e+00
1.3090000000e+02 3.5831007999e+00
1.3100000000e+02 3.5450633935e+00
1.3110000000e+02 3.5035186753e+00
1.3120000000e+02 3.4585758841e+00
1.3130000000e+02 3.4103534349e+00
1.3140000000e+02 3.3589785730e+00
1.3150000000e+02 3.3045870219e+00
1.3160000000e+02 3.2473226248e+00
1.3170000000e+02 3.1873369804e+00
1.3180000000e+02 3.1247890750e+00
1.3190000000e+02 3.0598449086e+00
1.3200000000e+02 2.9926771173e+00
1.3210000000e+02 2.9234645894e+00
1.3220000000e+02 2.8523920751e+00
1.3230000000e+02 2.7796497891e+00
1.3240000000e+02 2.7054330039e+00
1.3250000000e+02 2.6299416329e+00
1.3260000000e+02 2.5533798016e+00
1.3270000000e+02 2.4759554055e+00
1.3280000000e+02 2.3978796529e+00
1.3290000000e+02 2.3193665915e+00
1.3300000000e+02 2.2406326169e+00
1.3310000000e+02 2.1618959632e+00
1.3320000000e+02 2.0833761737e+00
1.3330000000e+02 2.0052935522e+00
1.3340000000e+02 1.9278685940e+00
1.3350000000e+02 1.8513213980e+00
1.3360000000e+02 1.7758710602e+00
1.3370000000e+02 1.7017350490e+00
1.3380000000e+02 1.6291285659e+00
1.3390000000e+02 1.5582638922e+00
1.3400000000e+02 1.4893497243e+00
1.3410000000e+02 1.4225905017e+00
1.3420000000e+02 1.3581857301e+00
1.3430000000e+02 1.2963293034e+00
1.3440000000e+02 1.2372088289e+00
1.3450000000e+02 1.1810049598e+00
1.3460000000e+02 1.1278907392e+00
1.3470000000e+02 1.0780309603e+00
1.3480000000e+02 1.0315815470e+00
1.3490000000e+02 9.8868895983e-01
1.3500000000e+02 9.4948963170e-01
1.3510000000e+02 9.1410943657e-01
1.3520000000e+02 8.8266319658e-01
1.3530000000e+02 8.5525423030e-01
1.3540000000e+02 8.3197394585e-01
1.3550000000e+02 8.1290148171e-01
1.3560000000e+02 7.9810339786e-01
1.3570000000e+02 7.8763341917e-01
1.3580000000e+02 7.8153223263e-01
1.3590000000e+02 7.7982733937e-01
1.3600000000e+02 7.8253296208e-01
1.3610000000e+02 7.8965000760e-01
1.3620000000e+02 8.0116608420e-01
1.3630000000e+02 8.1705557241e-01
1.3640000000e+02 8.3727974792e-01
1.3650000000e+02 8.6178695433e-01
1.3660000000e+02 8.9051282357e-01
1.3670000000e+02 9.2338054097e-01
1.3680000000e+02 9.6030115204e-01
1.3690000000e+02 1.0011739076e+00
1.3700000000e+02 1.0458866434e+00
1.3710000000e+02 1.0943161915e+00
1.3720000000e+02 1.1463288181e+00
1.3730000000e+02 1.2017806862e+00
1.3740000000e+02 1.2605183371e+00
1.3750000000e+02 1.3223791895e+00
1.3760000000e+02 1.3871920511e+00
1.3770000000e+02 1.4547776407e+00
1.3780000000e+02 1.5249491175e+00
1.3790000000e+02 1.5975126155e+00
1.3800000000e+02 1.6722677800e+00
1.3810000000e+02 1.7490083061e+00
1.3820000000e+02 1.8275224761e+00
1.3830000000e+02 1.9075936961e+00
1.3840000000e+02 1.9890010302e+00
1.3850000000e+02 2.0715197335e+00
1.3860000000e+02 2.1549217826e+00
1.3870000000e+02 2.2389764052e+00
1.3880000000e+02 2.3234506089e+00
1.3890000000e+02 2.4081097108e+00
1.3900000000e+02 2.4927178679e+00
1.3910000000e+02 2.5770386120e+00
1.3920000000e+02 2.6608353871e+00
1.3930000000e+02 2.7438720936e+00
1.3940000000e+02 2.8259136393e+00
1.3950000000e+02 2.9067264980e+00
1.3960000000e+02 2.9860792776e+00
1.3970000000e+02 3.0637432971e+00
1.3980000000e+02 3.1394931747e+00
1.3990000000e+02 3.2131074247e+00
1.4000000000e+02 3.2843690652e+00
1.4010000000e+02 3.3530662331e+00
1.4020000000e+02 3.4189928085e+00
1.4030000000e+02 3.4819490430e+00
1.4040000000e+02 3.5417421928e+00
1.4050000000e+02 3.5981871528e+00
1.4060000000e+02 3.6511070879e+00
1.4070000000e+02 3.7003340598e+00
1.4080000000e+02 3.7457096439e+00
1.4090000000e+02 3.7870855337e+00
1.4100000000e+02 3.8243241270e+00
1.4110000000e+02 3.8572990908e+00
1.4120000000e+02 3.8858958990e+00
1.4130000000e+02 3.9100123402e+00
1.4140000000e+02 3.9295589889e+00
1.4150000000e+02 3.9444596368e+00
1.4160000000e+02 3.9546516810e+00
1.4170000000e+02 3.9600864626e+00
1.4180000000e+02 3.9607295549e+00
1.4190000000e+02 3.9565609962e+00
1.4200000000e+02 3.9475754644e+00
1.4210000000e+02 3.9337823933e+00
1.4220000000e+02 3.9152060255e+00
1.4230000000e+02 3.8918854042e+00
1.4240000000e+02 3.8638743010e+00
1.4250000000e+02 3.8312410809e+00
1.4260000000e+02 3.7940685050e+00
1.4270000000e+02 3.7524534718e+00
1.4280000000e+02 3.7065067005e+00
1.4290000000e+02 3.6563523560e+00
1.4300000000e+02 3.6021276216e+00
1.4310000000e+02 3.5439822208e+00
1.4320000000e+02 3.4820778932e+00
1.4330000000e+02 3.4165878275e+00
1.4340000000e+02 3.3476960581e+00
1.4350000000e+02 3.2755968276e+00
1.4360000000e+02 3.2004939222e+00
1.4370000000e+02 3.1225999838e+00
1.4380000000e+02 3.0421358043e+00
1.4390000000e+02 2.9593296064e+00
1.4400000000e+02 2.8744163163e+00
1.4410000000e+02 2.7876368323e+00
1.4420000000e+02 2.6992372939e+00
1.4430000000e+02 2.6094683549e+00
1.4440000000e+02 2.5185844640e+00
1.4450000000e+02 2.4268431563e+00
1.4460000000e+02 2.3345043578e+00
1.4470000000e+02 2.2418297046e+00
1.4480000000e+02 2.1490818795e+00
1.4490000000e+02 2.0565239655e+00
1.4500000000e+02 1.9644188175e+00
1.4510000000e+02 1.8730284520e+00
1.4520000000e+02 1.7826134538e+00
1.4530000000e+02 1.6934323995e+00
1.4540000000e+02 1.6057412957e+00
1.4550000000e+02 1.5197930307e+00
1.4560000000e+02 1.4358368374e+00
1.4570000000e+02 1.3541177654e+00
1.4580000000e+02 1.2748761605e+00
1.4590000000e+02 1.1983471481e+00
1.4600000000e+02 1.1247601204e+00
1.4610000000e+02 1.0543382224e+00
1.4620000000e+02 9.8729783813e-01
1.4630000000e+02 9.2384807278e-01
1.4640000000e+02 8.6419023128e-01
1.4650000000e+02 8.0851729170e-01
1.4660000000e+02 7.5701337358e-01
1.4670000000e+02 7.0985320120e-01
1.4680000000e+02 6.6720156267e-01
1.4690000000e+02 6.2921276623e-01
1.4700000000e+02 5.9603009558e-01
1.4710000000e+02 5.6778526673e-01
1.4720000000e+02 5.4459788958e-01
1.4730000000e+02 5.2657493751e-01
1.4740000000e+02 5.1381022923e-01
1.4750000000e+02 5.0638392718e-01
1.4760000000e+02 5.0436205729e-01
1.4770000000e+02 5.0779605512e-01
1.4780000000e+02 5.1672234359e-01
1.4790000000e+02 5.3116194763e-01
1.4800000000e+02 5.5112015099e-01
1.4810000000e+02 5.7658620055e-01
1.4820000000e+02 6.0753306302e-01
1.4830000000e+02 6.4391723883e-01
1.4840000000e+02 6.8567863764e-01
1.4850000000e+02 7.3274051935e-01
1.4860000000e+02 7.8500950392e-01
1.4870000000e+02 8.4237565306e-01
1.4880000000e+02 9.0471262561e-01
1.4890000000e+02 9.7187790833e-01
1.4900000000e+02 1.0437131227e+00
1.4910000000e+02 1.1200444076e+00
1.4920000000e+02 1.2006828773e+00
1.4930000000e+02 1.2854251528e+00
1.4940000000e+02 1.3740539644e+00
1.4950000000e+02 1.4663388225e+00
1.4960000000e+02 1.5620367525e+00
1.4970000000e+02 1.6608930897e+00
1.4980000000e+02 1.7626423285e+00
1.4990000000e+02 1.8670090216e+00
1.5000000000e+02 1.9737087218e+00
1.5010000000e+02 2.0824489604e+00
1.5020000000e+02 2.1929302563e+00
1.5030000000e+02 2.3048471475e+00
1.5040000000e+02 2.4178892392e+00
1.5050000000e+02 2.5317422613e+00
1.5060000000e+02 2.6460891272e+00
1.5070000000e+02 2.7606109891e+00
1.5080000000e+02 2.8749882816e+00
1.5090000000e+02 2.9889017488e+00
1.5100000000e+02 3.1020334481e+00
1.5110000000e+02 3.2140677266e+00
1.5120000000e+02 3.3246921647e+00
1.5130000000e+02 3.4335984829e+00
1.5140000000e+02 3.5404834101e+00
1.5150000000e+02 3.6450495081e+00
1.5160000000e+02 3.7470059525e+00
1.5170000000e+02 3.8460692686e+00
1.5180000000e+02 3.9419640209e+00
1.5190000000e+02 4.0344234574e+00
1.5200000000e+02 4.1231901088e+00
1.5210000000e+02 4.2080163452e+00
1.5220000000e+02 4.2886648909e+00
1.5230000000e+02 4.3649093014e+00
1.5240000000e+02 4.4365344044e+00
1.5250000000e+02 4.5033367079e+00
1.5260000000e+02 4.5651247805e+00
1.5270000000e+02 4.6217196051e+00
1.5280000000e+02 4.6729549114e+00
1.5290000000e+02 4.7186774906e+00
1.5300000000e+02 4.7587474935e+00
1.5310000000e+02 4.7930387186e+00
1.5320000000e+02 4.8214388896e+00
1.5330000000e+02 4.8438499261e+00
1.5340000000e+02 4.8601882092e+00
1.5350000000e+02 4.8703848431e+00
1.5360000000e+02 4.8743859119e+00
1.5370000000e+02 4.8721527343e+00
1.5380000000e+02 4.8636621119e+00
1.5390000000e+02 4.8489065731e+00
1.5400000000e+02 4.8278946074e+00
1.5410000000e+02 4.8006508900e+00
1.5420000000e+02 4.7672164912e+00
1.5430000000e+02 4.7276490691e+00
1.5440000000e+02 4.6820230388e+00
1.5450000000e+02 4.6304297156e+00
1.5460000000e+02 4.5729774264e+00
1.5470000000e+02 4.5097915838e+00
1.5480000000e+02 4.4410147192e+00
1.5490000000e+02 4.3668064680e+00
1.5500000000e+02 4.2873435034e+00
1.5510000000e+02 4.2028194129e+00
1.5520000000e+02 4.1134445139e+00
1.5530000000e+02 4.0194456043e+00
1.5540000000e+02 3.9210656437e+00
1.5550000000e+02 3.8185633639e+00
1.5560000000e+02 3.7122128043e+00
1.5570000000e+02 3.6023027732e+00
1.5580000000e+02 3.4891362321e+00
1.5590000000e+02 3.3730296038e+00
1.5600000000e+02 3.2543120052e+00
1.5610000000e+02 3.1333244067e+00
1.5620000000e+02 3.0104187196e+00
1.5630000000e+02 2.8859568159e+00
1.5640000000e+02 2.7603094837e+00
1.5650000000e+02 2.6338553229e+00
1.5660000000e+02 2.5069795876e+00
1.5670000000e+02 2.3800729797e+00
1.5680000000e+02 2.2535304012e+00
1.5690000000e+02 2.1277496717e+00
1.5700000000e+02 2.0031302189e+00
1.5710000000e+02 1.8800717491e+00
1.5720000000e+02 1.7589729062e+00
1.5730000000e+02 1.6402299266e+00
1.5740000000e+02 1.5242352980e+00
1.5750000000e+02 1.4113764304e+00
1.5760000000e+02 1.3020343460e+00
1.5770000000e+02 1.1965823969e+00
1.5780000000e+02 1.0953850154e+00
1.5790000000e+02 9.9879650566e-01
1.5800000000e+02 9.0715988171e-01
1.5810000000e+02 8.2080575702e-01
1.5820000000e+02 7.4005129110e-01
1.5830000000e+02 6.6519919694e-01
1.5840000000e+02 5.9653681277e-01
1.5850000000e+02 5.3433524079e-01
1.5860000000e+02 4.7884855493e-01
1.5870000000e+02 4.3031307853e-01
1.5880000000e+02 3.8894673283e-01
1.5890000000e+02 3.5494845547e-01
1.5900000000e+02 3.2849768862e-01
1.5910000000e+02 3.0975393467e-01
1.5920000000e+02 2.9885637788e-01
1.5930000000e+02 2.9592356895e-01
1.5940000000e+02 3.0105316993e-01
1.5950000000e+02 3.1432175590e-01
1.5960000000e+02 3.3578467003e-01
1.5970000000e+02 3.6547592835e-01
1.5980000000e+02 4.0340817055e-01
1.5990000000e+02 4.4957265325e-01
1.6000000000e+02 5.0393928209e-01
1.6010000000e+02 5.6645667966e-01
1.6020000000e+02 6.3705228611e-01
1.6030000000e+02 7.1563249001e-01
1.6040000000e+02 8.0208278732e-01
1.6050000000e+02 8.9626796681e-01
1.6060000000e+02 9.9803232077e-01
1.6070000000e+02 1.1071998805e+00
1.6080000000e+02 1.2235746763e+00
1.6090000000e+02 1.3469410227e+00
1.6100000000e+02 1.4770638299e+00
1.6110000000e+02 1.6136889421e+00
1.6120000000e+02 1.7565435056e+00
1.6130000000e+02 1.9053363683e+00
1.6140000000e+02 2.0597585132e+00
1.6150000000e+02 2.2194835283e+00
1.6160000000e+02 2.3841681164e+00
1.6170000000e+02 2.5534526475e+00
1.6180000000e+02 2.7269617557e+00
1.6190000000e+02 2.9043049855e+00
1.6200000000e+02 3.0850774876e+00
1.6210000000e+02 3.2688607687e+00
1.6220000000e+02 3.4552234963e+00
1.6230000000e+02 3.6437223591e+00
1.6240000000e+02 3.8339029872e+00
1.6250000000e+02 4.0253009283e+00
1.6260000000e+02 4.2174426848e+00
1.6270000000e+02 4.4098468071e+00
1.6280000000e+02 4.6020250446e+00
1.6290000000e+02 4.7934835515e+00
1.6300000000e+02 4.9837241459e+00
1.6310000000e+02 5.1722456181e+00
1.6320000000e+02 5.3585450853e+00
1.6330000000e+02 5.5421193889e+00
1.6340000000e+02 5.7224665289e+00
1.6350000000e+02 5.8990871308e+00
1.6360000000e+02 6.0714859388e+00
1.6370000000e+02 6.2391733310e+00
1.6380000000e+02 6.4016668477e+00
1.6390000000e+02 6.5584927284e+00
1.6400000000e+02 6.7091874494e+00
1.6410000000e+02 6.8532992563e+00
1.6420000000e+02 6.9903896823e+00
1.6430000000e+02 7.1200350481e+00
1.6440000000e+02 7.2418279335e+00
1.6450000000e+02 7.3553786163e+00
1.6460000000e+02 7.4603164705e+00
1.6470000000e+02 7.5562913176e+00
1.6480000000e+02 7.6429747255e+00
1.6490000000e+02 7.7200612487e+00
1.6500000000e+02 7.7872696056e+00
1.6510000000e+02 7.8443437866e+00
1.6520000000e+02 7.8910540905e+00
1.6530000000e+02 7.9271980839e+00
1.6540000000e+02 7.9526014827e+00
1.6550000000e+02 7.9671189501e+00
1.6560000000e+02 7.9706348128e+00
1.6570000000e+02 7.9630636907e+00
1.6580000000e+02 7.9443510417e+00
1.6590000000e+02 7.9144736208e+00
1.6600000000e+02 7.8734398523e+00
1.6610000000e+02 7.8212901183e+00
1.6620000000e+02 7.7580969629e+00
1.6630000000e+02 7.6839652140e+00
1.6640000000e+02 7.5990320248e+00
1.6650000000e+02 7.5034668366e+00
1.6660000000e+02 7.3974712653e+00
1.6670000000e+02 7.2812789146e+00
1.6680000000e+02 7.1551551161e+00
1.6690000000e+02 7.0193966017e+00
1.6700000000e+02 6.8743311074e+00
1.6710000000e+02 6.7203169129e+00
1.6720000000e+02 6.5577423179e+00
1.6730000000e+02 6.3870250570e+00
1.6740000000e+02 6.2086116544e+00
1.6750000000e+02 6.0229767209e+00
1.6760000000e+02 5.8306221923e+00
1.6770000000e+02 5.6320765123e+00
1.6780000000e+02 5.4278937582e+00
1.6790000000e+02 5.2186527122e+00
1.6800000000e+02 5.0049558767e+00
1.6810000000e+02 4.7874284349e+00
1.6820000000e+02 4.5667171565e+00
1.6830000000e+02 4.3434892487e+00
1.6840000000e+02 4.1184311532e+00
1.6850000000e+02 3.8922472880e+00
1.6860000000e+02 3.6656587365e+00
1.6870000000e+02 3.4394018831e+00
1.6880000000e+02 3.2142269962e+00
1.6890000000e+02 2.9908967606e+00
1.6900000000e+02 2.7701847600e+00
1.6910000000e+02 2.5528739110e+00
1.6920000000e+02 2.3397548521e+00
1.6930000000e+02 2.1316242882e+00
1.6940000000e+02 1.9292832949e+00
1.6950000000e+02 1.7335355852e+00
1.6960000000e+02 1.5451857415e+00
1.6970000000e+02 1.3650374176e+00
1.6980000000e+02 1.1938915140e+00
1.6990000000e+02 1.0325443318e+00
1.7000000000e+02 8.8178570842e-01
1.7010000000e+02 7.4239714145e-01
1.7020000000e+02 6.1514990506e-01
1.7030000000e+02 5.0080316400e-01
1.7040000000e+02 4.0010209117e-01
1.7050000000e+02 3.1377599391e-01
1.7060000000e+02 2.4253645485e-01
1.7070000000e+02 1.8707549298e-01
1.7080000000e+02 1.4806375066e-01
1.7090000000e+02 1.2614871233e-01
1.7100000000e+02 1.2195296083e-01
1.7110000000e+02 1.3607247661e-01
1.7120000000e+02 1.6907498590e-01
1.7130000000e+02 2.2149836287e-01
1.7140000000e+02 2.9384909131e-01
1.7150000000e+02 3.8660079077e-01
1.7160000000e+02 5.0019281215e-01
1.7170000000e+02 6.3502890701e-01
1.7180000000e+02 7.9147597509e-01
1.7190000000e+02 9.6986289367e-01
1.7200000000e+02 1.1704794324e+00
1.7210000000e+02 1.3935752564e+00
1.7220000000e+02 1.6393590202e+00
1.7230000000e+02 1.9079975549e+00
1.7240000000e+02 2.1996151495e+00
1.7250000000e+02 2.5142929281e+00
1.7260000000e+02 2.8520683230e+00
1.7270000000e+02 3.2129346440e+00
1.7280000000e+02 3.5968407435e+00
1.7290000000e+02 4.0036907768e+00
1.7300000000e+02 4.4333440552e+00
1.7310000000e+02 4.8856149930e+00
1.7320000000e+02 5.3602731428e+00
1.7330000000e+02 5.8570433205e+00
1.7340000000e+02 6.3756058163e+00
1.7350000000e+02 6.9155966891e+00
1.7360000000e+02 7.4766081428e+00
1.7370000000e+02 8.0581889824e+00
1.7380000000e+02 8.6598451472e+00
1.7390000000e+02 9.2810403199e+00
1.7400000000e+02 9.9211966095e+00
1.7410000000e+02 1.0579695307e+01
1.7420000000e+02 1.1255877712e+01
1.7430000000e+02 1.1949046032e+01
1.7440000000e+02 1.2658464349e+01
1.7450000000e+02 1.3383359658e+01
1.7460000000e+02 1.4122922975e+01
1.7470000000e+02 1.4876310514e+01
1.7480000000e+02 1.5642644935e+01
1.7490000000e+02 1.6421016662e+01
1.7500000000e+02 1.7210485267e+01
1.7510000000e+02 1.8010080935e+01
1.7520000000e+02 1.8818805983e+01
1.7530000000e+02 1.9635636462e+01
1.7540000000e+02 2.0459523819e+01
1.7550000000e+02 2.1289396628e+01
1.7560000000e+02 2.2124162387e+01
1.7570000000e+02 2.2962709372e+01
1.7580000000e+02 2.3803908558e+01
1.7590000000e+02 2.4646615587e+01
1.7600000000e+02 2.5489672793e+01
1.7610000000e+02 2.6331911273e+01
1.7620000000e+02 2.7172152994e+01
1.7630000000e+02 2.8009212947e+01
1.7640000000e+02 2.8841901316e+01
1.7650000000e+02 2.9669025689e+01
1.7660000000e+02 3.0489393271e+01
1.7670000000e+02 3.1301813117e+01
1.7680000000e+02 3.2105098371e+01
1.7690000000e+02 3.2898068498e+01
1.7700000000e+02 3.3679551518e+01
1.7710000000e+02 3.4448386220e+01
1.7720000000e+02 3.5203424361e+01
1.7730000000e+02 3.5943532847e+01
1.7740000000e+02 3.6667595876e+01
1.7750000000e+02 3.7374517063e+01
1.7760000000e+02 3.8063221516e+01
1.7770000000e+02 3.8732657885e+01
1.7780000000e+02 3.9381800359e+01
1.7790000000e+02 4.0009650624e+01
1.7800000000e+02 4.0615239771e+01
1.7810000000e+02 4.1197630157e+01
1.7820000000e+02 4.1755917202e+01
1.7830000000e+02 4.2289231144e+01
1.7840000000e+02 4.2796738728e+01
1.7850000000e+02 4.3277644834e+01
1.7860000000e+02 4.3731194044e+01
1.7870000000e+02 4.4156672138e+01
1.7880000000e+02 4.4553407524e+01
1.7890000000e+02 4.4920772588e+01
1.7900000000e+02 4.5258184973e+01
1.7910000000e+02 4.5565108770e+01
1.7920000000e+02 4.5841055627e+01
1.7930000000e+02 4.6085585767e+01
1.7940000000e+02 4.6298308913e+01
1.7950000000e+02 4.6478885113e+01
1.7960000000e+02 4.6627025467e+01
1.7970000000e+02 4.6742492743e+01
1.7980000000e+02 4.6825101892e+01
1.7990000000e+02 4.6874720449e+01
1.8000000000e+02 4.6891268818e+01
