# theta_deg  dsigma_over_M2
2.0000000000e+01 9.5685057281e+02
2.0100000000e+01 1.0199488364e+03
2.0200000000e+01 1.0750209564e+03
2.0300000000e+01 1.1205973427e+03
2.0400000000e+01 1.1555881866e+03
2.0500000000e+01 1.1793003951e+03
2.0600000000e+01 1.1914422699e+03
2.0700000000e+01 1.1921156974e+03
2.0800000000e+01 1.1817961001e+03
2.0900000000e+01 1.1613008874e+03
2.1000000000e+01 1.1317476039e+03
2.1100000000e+01 1.0945033789e+03
2.1200000000e+01 1.0511276184e+03
2.1300000000e+01 1.0033101284e+03
2.1400000000e+01 9.5280700646e+02
2.1500000000e+01 9.0137668617e+02
2.1600000000e+01 8.5071845963e+02
2.1700000000e+01 8.0241564783e+02
2.1800000000e+01 7.5788534527e+02
2.1900000000e+01 7.1833634726e+02
2.2000000000e+01 6.8473649369e+02
2.2100000000e+01 6.5779025006e+02
2.2200000000e+01 6.3792691530e+02
2.2300000000e+01 6.2529941547e+02
2.2400000000e+01 6.1979323210e+02
2.2500000000e+01 6.2104464009e+02
2.2600000000e+01 6.2846710743e+02
2.2700000000e+01 6.4128444787e+02
2.2800000000e+01 6.5856912759e+02
2.2900000000e+01 6.7928401009e+02
2.3000000000e+01 7.0232578291e+02
2.3100000000e+01 7.2656834129e+02
2.3200000000e+01 7.5090450302e+02
2.3300000000e+01 7.7428458696e+02
2.3400000000e+01 7.9575059498e+02
2.3500000000e+01 8.1446498245e+02
2.3600000000e+01 8.2973327222e+02
2.3700000000e+01 8.4102005018e+02
2.3800000000e+01 8.4795816330e+02
2.3900000000e+01 8.5035121283e+02
2.4000000000e+01 8.4816968544e+02
2.4100000000e+01 8.4154128507e+02
2.4200000000e+01 8.3073621089e+02
2.4300000000e+01 8.1614826837e+02
2.4400000000e+01 7.9827279651e+02
2.4500000000e+01 7.7768244653e+02
2.4600000000e+01 7.5500185424e+02
2.4700000000e+01 7.3088221561e+02
2.4800000000e+01 7.0597670500e+02
2.4900000000e+01 6.8091757452e+02
2.5000000000e+01 6.5629564800e+02
2.5100000000e+01 6.3264277945e+02
2.5200000000e+01 6.1041769213e+02
2.5300000000e+01 5.8999545697e+02
2.5400000000e+01 5.7166071343e+02
2.5500000000e+01 5.5560459028e+02
2.5600000000e+01 5.4192514989e+02
2.5700000000e+01 5.3063106524e+02
2.5800000000e+01 5.2164814321e+02
2.5900000000e+01 5.1482823603e+02
2.6000000000e+01 5.0996003348e+02
2.6100000000e+01 5.0678120252e+02
2.6200000000e+01 5.0499133765e+02
2.6300000000e+01 5.0426520134e+02
2.6400000000e+01 5.0426576853e+02
2.6500000000e+01 5.0465663814e+02
2.6600000000e+01 5.0511343521e+02
2.6700000000e+01 5.0533389634e+02
2.6800000000e+01 5.0504640458e+02
2.6900000000e+01 5.0401681532e+02
2.7000000000e+01 5.0205348863e+02
2.7100000000e+01 4.9901051315e+02
2.7200000000e+01 4.9478917042e+02
2.7300000000e+01 4.8933774400e+02
2.7400000000e+01 4.8264982437e+02
2.7500000000e+01 4.7476129695e+02
2.7600000000e+01 4.6574622704e+02
2.7700000000e+01 4.5571187150e+02
2.7800000000e+01 4.4479305383e+02
2.7900000000e+01 4.3314613700e+02
2.8000000000e+01 4.2094281876e+02
2.8100000000e+01 4.0836395757e+02
2.8200000000e+01 3.9559361606e+02
2.8300000000e+01 3.8281348361e+02
2.8400000000e+01 3.7019781167e+02
2.8500000000e+01 3.5790896676e+02
2.8600000000e+01 3.4609367663e+02
2.8700000000e+01 3.3488001727e+02
2.8800000000e+01 3.2437516162e+02
2.8900000000e+01 3.1466388690e+02
2.9000000000e+01 3.0580781606e+02
2.9100000000e+01 2.9784535097e+02
2.9200000000e+01 2.9079223977e+02
2.9300000000e+01 2.8464270940e+02
2.9400000000e+01 2.7937108601e+02
2.9500000000e+01 2.7493382055e+02
2.9600000000e+01 2.7127183397e+02
2.9700000000e+01 2.6831309673e+02
2.9800000000e+01 2.6597535868e+02
2.9900000000e+01 2.6416894948e+02
3.0000000000e+01 2.6279957453e+02
3.0100000000e+01 2.6177103786e+02
3.0200000000e+01 2.6098783029e+02
3.0300000000e+01 2.6035752925e+02
3.0400000000e+01 2.5979296438e+02
3.0500000000e+01 2.5921411181e+02
3.0600000000e+01 2.5854968818e+02
3.0700000000e+01 2.5773842399e+02
3.0800000000e+01 2.5673000416e+02
3.0900000000e+01 2.5548567171e+02
3.1000000000e+01 2.5397849786e+02
3.1100000000e+01 2.5219332965e+02
3.1200000000e+01 2.5012643229e+02
3.1300000000e+01 2.4778485021e+02
3.1400000000e+01 2.4518551568e+02
3.1500000000e+01 2.4235413923e+02
3.1600000000e+01 2.3932391941e+02
3.1700000000e+01 2.3613411279e+02
3.1800000000e+01 2.3282850709e+02
3.1900000000e+01 2.2945384103e+02
3.2000000000e+01 2.2605821485e+02
3.2100000000e+01 2.2268953406e+02
3.2200000000e+01 2.1939402688e+02
3.2300000000e+01 2.1621487276e+02
3.2400000000e+01 2.1319097529e+02
3.2500000000e+01 2.1035590801e+02
3.2600000000e+01 2.0773705585e+02
3.2700000000e+01 2.0535496946e+02
3.2800000000e+01 2.0322294250e+02
3.2900000000e+01 2.0134681616e+02
3.3000000000e+01 1.9972500820e+02
3.3100000000e+01 1.9834875756e+02
3.3200000000e+01 1.9720256995e+02
3.3300000000e+01 1.9626484412e+02
3.3400000000e+01 1.9550865433e+02
3.3500000000e+01 1.9490266053e+02
3.3600000000e+01 1.9441211519e+02
3.3700000000e+01 1.9399993375e+02
3.3800000000e+01 1.9362779536e+02
3.3900000000e+01 1.9325724043e+02
3.4000000000e+01 1.9285073327e+02
3.4100000000e+01 1.9237266017e+02
3.4200000000e+01 1.9179023649e+02
3.4300000000e+01 1.9107429993e+02
3.4400000000e+01 1.9019997171e+02
3.4500000000e+01 1.8914717206e+02
3.4600000000e+01 1.8790098129e+02
3.4700000000e+01 1.8645184277e+02
3.4800000000e+01 1.8479560905e+02
3.4900000000e+01 1.8293343701e+02
3.5000000000e+01 1.8087154201e+02
3.5100000000e+01 1.7862082494e+02
3.5200000000e+01 1.7619638893e+02
3.5300000000e+01 1.7361696507e+02
3.5400000000e+01 1.7090426811e+02
3.5500000000e+01 1.6808230402e+02
3.5600000000e+01 1.6517665169e+02
3.5700000000e+01 1.6221374030e+02
3.5800000000e+01 1.5922014317e+02
3.5900000000e+01 1.5622190683e+02
3.6000000000e+01 1.5324393229e+02
3.6100000000e+01 1.5030942268e+02
3.6200000000e+01 1.4743940886e+02
3.6300000000e+01 1.4465236150e+02
3.6400000000e+01 1.4196389521e+02
3.6500000000e+01 1.3938656722e+02
3.6600000000e+01 1.3692977041e+02
3.6700000000e+01 1.3459971760e+02
3.6800000000e+01 1.3239951186e+02
3.6900000000e+01 1.3032929536e+02
3.7000000000e+01 1.2838646773e+02
3.7100000000e+01 1.2656596335e+02
3.7200000000e+01 1.2486057640e+02
3.7300000000e+01 1.2326132160e+02
3.7400000000e+01 1.2175781862e+02
3.7500000000e+01 1.2033868838e+02
3.7600000000e+01 1.1899194959e+02
3.7700000000e+01 1.1770540525e+02
3.7800000000e+01 1.1646700910e+02
3.7900000000e+01 1.1526520385e+02
3.8000000000e+01 1.1408922393e+02
3.8100000000e+01 1.1292935700e+02
3.8200000000e+01 1.1177715992e+02
3.8300000000e+01 1.1062562635e+02
3.8400000000e+01 1.0946930454e+02
3.8500000000e+01 1.0830436508e+02
3.8600000000e+01 1.0712861996e+02
3.8700000000e+01 1.0594149499e+02
3.8800000000e+01 1.0474395900e+02
3.8900000000e+01 1.0353841398e+02
3.9000000000e+01 1.0232855082e+02
3.9100000000e+01 1.0111917627e+02
3.9200000000e+01 9.9916016756e+01
3.9300000000e+01 9.8725505169e+01
3.9400000000e+01 9.7554556694e+01
3.9500000000e+01 9.6410339823e+01
3.9600000000e+01 9.5300048449e+01
3.9700000000e+01 9.4230680654e+01
3.9800000000e+01 9.3208829435e+01
3.9900000000e+01 9.2240490087e+01
4.0000000000e+01 9.1330888403e+01
4.0100000000e+01 9.0484333204e+01
4.0200000000e+01 8.9704096010e+01
4.0300000000e+01 8.8992319950e+01
4.0400000000e+01 8.8349959224e+01
4.0500000000e+01 8.7776749697e+01
4.0600000000e+01 8.7271210441e+01
4.0700000000e+01 8.6830675310e+01
4.0800000000e+01 8.6451352956e+01
4.0900000000e+01 8.6128413049e+01
4.1000000000e+01 8.5856095906e+01
4.1100000000e+01 8.5627842230e+01
4.1200000000e+01 8.5436439285e+01
4.1300000000e+01 8.5274179502e+01
4.1400000000e+01 8.5133027328e+01
4.1500000000e+01 8.5004790030e+01
4.1600000000e+01 8.4881288189e+01
4.1700000000e+01 8.4754521723e+01
4.1800000000e+01 8.4616827513e+01
4.1900000000e+01 8.4461025025e+01
4.2000000000e+01 8.4280546702e+01
4.2100000000e+01 8.4069550405e+01
4.2200000000e+01 8.3823011687e+01
4.2300000000e+01 8.3536794276e+01
4.2400000000e+01 8.3207697757e+01
4.2500000000e+01 8.2833482031e+01
4.2600000000e+01 8.2412868776e+01
4.2700000000e+01 8.1945520691e+01
4.2800000000e+01 8.1431999866e+01
4.2900000000e+01 8.0873707121e+01
4.3000000000e+01 8.0272804573e+01
4.3100000000e+01 7.9632124064e+01
4.3200000000e+01 7.8955064332e+01
4.3300000000e+01 7.8245480012e+01
4.3400000000e+01 7.7507565640e+01
4.3500000000e+01 7.6745737825e+01
4.3600000000e+01 7.5964518697e+01
4.3700000000e+01 7.5168423539e+01
4.3800000000e+01 7.4361855312e+01
4.3900000000e+01 7.3549008453e+01
4.4000000000e+01 7.2733783976e+01
4.4100000000e+01 7.1919717529e+01
4.4200000000e+01 7.1109921615e+01
4.4300000000e+01 7.0307042775e+01
4.4400000000e+01 6.9513234061e+01
4.4500000000e+01 6.8730142749e+01
4.4600000000e+01 6.7958912788e+01
4.4700000000e+01 6.7200201155e+01
4.4800000000e+01 6.6454206933e+01
4.4900000000e+01 6.5720711645e+01
4.5000000000e+01 6.4999129189e+01
4.5100000000e+01 6.4288563492e+01
4.5200000000e+01 6.3587871939e+01
4.5300000000e+01 6.2895732560e+01
4.5400000000e+01 6.2210712951e+01
4.5500000000e+01 6.1531338982e+01
4.5600000000e+01 6.0856161440e+01
4.5700000000e+01 6.0183818884e+01
4.5800000000e+01 5.9513095209e+01
4.5900000000e+01 5.8842970583e+01
4.6000000000e+01 5.8172664694e+01
4.6100000000e+01 5.7501671462e+01
4.6200000000e+01 5.6829784641e+01
4.6300000000e+01 5.6157113997e+01
4.6400000000e+01 5.5484091973e+01
4.6500000000e+01 5.4811471032e+01
4.6600000000e+01 5.4140312044e+01
4.6700000000e+01 5.3471964325e+01
4.6800000000e+01 5.2808038093e+01
4.6900000000e+01 5.2150370254e+01
4.7000000000e+01 5.1500984577e+01
4.7100000000e+01 5.0862047376e+01
4.7200000000e+01 5.0235819909e+01
4.7300000000e+01 4.9624608719e+01
4.7400000000e+01 4.9030715154e+01
4.7500000000e+01 4.8456385276e+01
4.7600000000e+01 4.7903761317e+01
4.7700000000e+01 4.7374835770e+01
4.7800000000e+01 4.6871409114e+01
4.7900000000e+01 4.6395052039e+01
4.8000000000e+01 4.5947072940e+01
4.8100000000e+01 4.5528491273e+01
4.8200000000e+01 4.5140017255e+01
4.8300000000e+01 4.4782038195e+01
4.8400000000e+01 4.4454611636e+01
4.8500000000e+01 4.4157465270e+01
4.8600000000e+01 4.3890003499e+01
4.8700000000e+01 4.3651320329e+01
4.8800000000e+01 4.3440218173e+01
4.8900000000e+01 4.3255231991e+01
4.9000000000e+01 4.3094658137e+01
4.9100000000e+01 4.2956587136e+01
4.9200000000e+01 4.2838939590e+01
4.9300000000e+01 4.2739504340e+01
4.9400000000e+01 4.2655977989e+01
4.9500000000e+01 4.2586004879e+01
4.9600000000e+01 4.2527216633e+01
4.9700000000e+01 4.2477270412e+01
4.9800000000e+01 4.2433885061e+01
4.9900000000e+01 4.2394874448e+01
5.0000000000e+01 4.2358177309e+01
5.0100000000e+01 4.2321883086e+01
5.0200000000e+01 4.2284253304e+01
5.0300000000e+01 4.2243738185e+01
5.0400000000e+01 4.2198988288e+01
5.0500000000e+01 4.2148861134e+01
5.0600000000e+01 4.2092422850e+01
5.0700000000e+01 4.2028945022e+01
5.0800000000e+01 4.1957897040e+01
5.0900000000e+01 4.1878934323e+01
5.1000000000e+01 4.1791882904e+01
5.1100000000e+01 4.1696720930e+01
5.1200000000e+01 4.1593557671e+01
5.1300000000e+01 4.1482610706e+01
5.1400000000e+01 4.1364181951e+01
5.1500000000e+01 4.1238633198e+01
5.1600000000e+01 4.1106361840e+01
5.1700000000e+01 4.0967777411e+01
5.1800000000e+01 4.0823279529e+01
5.1900000000e+01 4.0673237779e+01
5.2000000000e+01 4.0517973985e+01
5.2100000000e+01 4.0357747269e+01
5.2200000000e+01 4.0192742166e+01
5.2300000000e+01 4.0023060033e+01
5.2400000000e+01 3.9848713823e+01
5.2500000000e+01 3.9669626275e+01
5.2600000000e+01 3.9485631428e+01
5.2700000000e+01 3.9296479310e+01
5.2800000000e+01 3.9101843579e+01
5.2900000000e+01 3.8901331789e+01
5.3000000000e+01 3.8694497958e+01
5.3100000000e+01 3.8480857006e+01
5.3200000000e+01 3.8259900633e+01
5.3300000000e+01 3.8031114184e+01
5.3400000000e+01 3.7793994012e+01
5.3500000000e+01 3.7548064891e+01
5.3600000000e+01 3.7292897007e+01
5.3700000000e+01 3.7028122109e+01
5.3800000000e+01 3.6753448417e+01
5.3900000000e+01 3.6468673930e+01
5.4000000000e+01 3.6173697838e+01
5.4100000000e+01 3.5868529781e+01
5.4200000000e+01 3.5553296755e+01
5.4300000000e+01 3.5228247551e+01
5.4400000000e+01 3.4893754641e+01
5.4500000000e+01 3.4550313498e+01
5.4600000000e+01 3.4198539421e+01
5.4700000000e+01 3.3839161941e+01
5.4800000000e+01 3.3473016980e+01
5.4900000000e+01 3.3101036969e+01
5.5000000000e+01 3.2724239153e+01
5.5100000000e+01 3.2343712360e+01
5.5200000000e+01 3.1960602555e+01
5.5300000000e+01 3.1576097470e+01
5.5400000000e+01 3.1191410660e+01
5.5500000000e+01 3.0807765326e+01
5.5600000000e+01 3.0426378212e+01
5.5700000000e+01 3.0048443925e+01
5.5800000000e+01 2.9675119966e+01
5.5900000000e+01 2.9307512755e+01
5.6000000000e+01 2.8946664905e+01
5.6100000000e+01 2.8593543968e+01
5.6200000000e+01 2.8249032821e+01
5.6300000000e+01 2.7913921855e+01
5.6400000000e+01 2.7588903039e+01
5.6500000000e+01 2.7274565945e+01
5.6600000000e+01 2.6971395725e+01
5.6700000000e+01 2.6679773019e+01
5.6800000000e+01 2.6399975721e+01
5.6900000000e+01 2.6132182491e+01
5.7000000000e+01 2.5876477881e+01
5.7100000000e+01 2.5632858873e+01
5.7200000000e+01 2.5401242655e+01
5.7300000000e+01 2.5181475391e+01
5.7400000000e+01 2.4973341751e+01
5.7500000000e+01 2.4776574955e+01
5.7600000000e+01 2.4590867073e+01
5.7700000000e+01 2.4415879327e+01
5.7800000000e+01 2.4251252154e+01
5.7900000000e+01 2.4096614807e+01
5.8000000000e+01 2.3951594261e+01
5.8100000000e+01 2.3815823259e+01
5.8200000000e+01 2.3688947321e+01
5.8300000000e+01 2.3570630593e+01
5.8400000000e+01 2.3460560431e+01
5.8500000000e+01 2.3358450659e+01
5.8600000000e+01 2.3264043482e+01
5.8700000000e+01 2.3177110043e+01
5.8800000000e+01 2.3097449676e+01
5.8900000000e+01 2.3024887932e+01
5.9000000000e+01 2.2959273466e+01
5.9100000000e+01 2.2900473930e+01
5.9200000000e+01 2.2848371014e+01
5.9300000000e+01 2.2802854805e+01
5.9400000000e+01 2.2763817651e+01
5.9500000000e+01 2.2731147719e+01
5.9600000000e+01 2.2704722442e+01
5.9700000000e+01 2.2684402051e+01
5.9800000000e+01 2.2670023372e+01
5.9900000000e+01 2.2661394075e+01
6.0000000000e+01 2.2658287529e+01
6.0100000000e+01 2.2660438408e+01
6.0200000000e+01 2.2667539171e+01
6.0300000000e+01 2.2679237514e+01
6.0400000000e+01 2.2695134858e+01
6.0500000000e+01 2.2714785933e+01
6.0600000000e+01 2.2737699461e+01
6.0700000000e+01 2.2763339943e+01
6.0800000000e+01 2.2791130493e+01
6.0900000000e+01 2.2820456693e+01
6.1000000000e+01 2.2850671352e+01
6.1100000000e+01 2.2881100093e+01
6.1200000000e+01 2.2911047634e+01
6.1300000000e+01 2.2939804643e+01
6.1400000000e+01 2.2966655011e+01
6.1500000000e+01 2.2990883407e+01
6.1600000000e+01 2.3011782949e+01
6.1700000000e+01 2.3028662851e+01
6.1800000000e+01 2.3040855893e+01
6.1900000000e+01 2.3047725560e+01
6.2000000000e+01 2.3048672748e+01
6.2100000000e+01 2.3043141880e+01
6.2200000000e+01 2.3030626357e+01
6.2300000000e+01 2.3010673240e+01
6.2400000000e+01 2.2982887103e+01
6.2500000000e+01 2.2946932989e+01
6.2600000000e+01 2.2902538456e+01
6.2700000000e+01 2.2849494693e+01
6.2800000000e+01 2.2787656705e+01
6.2900000000e+01 2.2716942605e+01
6.3000000000e+01 2.2637332052e+01
6.3100000000e+01 2.2548863888e+01
6.3200000000e+01 2.2451633057e+01
6.3300000000e+01 2.2345786888e+01
6.3400000000e+01 2.2231520834e+01
6.3500000000e+01 2.2109073779e+01
6.3600000000e+01 2.1978723022e+01
6.3700000000e+01 2.1840779043e+01
6.3800000000e+01 2.1695580173e+01
6.3900000000e+01 2.1543487277e+01
6.4000000000e+01 2.1384878553e+01
6.4100000000e+01 2.1220144556e+01
6.4200000000e+01 2.1049683529e+01
6.4300000000e+01 2.0873897132e+01
6.4400000000e+01 2.0693186627e+01
6.4500000000e+01 2.0507949589e+01
6.4600000000e+01 2.0318577179e+01
6.4700000000e+01 2.0125451994e+01
6.4800000000e+01 1.9928946533e+01
6.4900000000e+01 1.9729422249e+01
6.5000000000e+01 1.9527229186e+01
6.5100000000e+01 1.9322706167e+01
6.5200000000e+01 1.9116181477e+01
6.5300000000e+01 1.8907974009e+01
6.5400000000e+01 1.8698394779e+01
6.5500000000e+01 1.8487748758e+01
6.5600000000e+01 1.8276336932e+01
6.5700000000e+01 1.8064458506e+01
6.5800000000e+01 1.7852413166e+01
6.5900000000e+01 1.7640503313e+01
6.6000000000e+01 1.7429036190e+01
6.6100000000e+01 1.7218325812e+01
6.6200000000e+01 1.7008694636e+01
6.6300000000e+01 1.6800474902e+01
6.6400000000e+01 1.6594009586e+01
6.6500000000e+01 1.6389652926e+01
6.6600000000e+01 1.6187770477e+01
6.6700000000e+01 1.5988738691e+01
6.6800000000e+01 1.5792943991e+01
6.6900000000e+01 1.5600781364e+01
6.7000000000e+01 1.5412652472e+01
6.7100000000e+01 1.5228963326e+01
6.7200000000e+01 1.5050121548e+01
6.7300000000e+01 1.4876533271e+01
6.7400000000e+01 1.4708599754e+01
6.7500000000e+01 1.4546713749e+01
6.7600000000e+01 1.4391255710e+01
6.7700000000e+01 1.4242589914e+01
6.7800000000e+01 1.4101060566e+01
6.7900000000e+01 1.3966987971e+01
6.8000000000e+01 1.3840664844e+01
6.8100000000e+01 1.3722352827e+01
6.8200000000e+01 1.3612279295e+01
6.8300000000e+01 1.3510634488e+01
6.8400000000e+01 1.3417569046e+01
6.8500000000e+01 1.3333191982e+01
6.8600000000e+01 1.3257569124e+01
6.8700000000e+01 1.3190722064e+01
6.8800000000e+01 1.3132627622e+01
6.8900000000e+01 1.3083217832e+01
6.9000000000e+01 1.3042380449e+01
6.9100000000e+01 1.3009959955e+01
6.9200000000e+01 1.2985759056e+01
6.9300000000e+01 1.2969540611e+01
6.9400000000e+01 1.2961029989e+01
6.9500000000e+01 1.2959917768e+01
6.9600000000e+01 1.2965862760e+01
6.9700000000e+01 1.2978495277e+01
6.9800000000e+01 1.2997420595e+01
6.9900000000e+01 1.3022222553e+01
7.0000000000e+01 1.3052467213e+01
7.0100000000e+01 1.3087706540e+01
7.0200000000e+01 1.3127482026e+01
7.0300000000e+01 1.3171328208e+01
7.0400000000e+01 1.3218776035e+01
7.0500000000e+01 1.3269356027e+01
7.0600000000e+01 1.3322601199e+01
7.0700000000e+01 1.3378049700e+01
7.0800000000e+01 1.3435247161e+01
7.0900000000e+01 1.3493748714e+01
7.1000000000e+01 1.3553120683e+01
7.1100000000e+01 1.3612941948e+01
7.1200000000e+01 1.3672804964e+01
7.1300000000e+01 1.3732316478e+01
7.1400000000e+01 1.3791097934e+01
7.1500000000e+01 1.3848785607e+01
7.1600000000e+01 1.3905030493e+01
7.1700000000e+01 1.3959497979e+01
7.1800000000e+01 1.4011867350e+01
7.1900000000e+01 1.4061831151e+01
7.2000000000e+01 1.4109094466e+01
7.2100000000e+01 1.4153374143e+01
7.2200000000e+01 1.4194398013e+01
7.2300000000e+01 1.4231904145e+01
7.2400000000e+01 1.4265640171e+01
7.2500000000e+01 1.4295362718e+01
7.2600000000e+01 1.4320836978e+01
7.2700000000e+01 1.4341836440e+01
7.2800000000e+01 1.4358142810e+01
7.2900000000e+01 1.4369546128e+01
7.3000000000e+01 1.4375845087e+01
7.3100000000e+01 1.4376847571e+01
7.3200000000e+01 1.4372371387e+01
7.3300000000e+01 1.4362245205e+01
7.3400000000e+01 1.4346309664e+01
7.3500000000e+01 1.4324418643e+01
7.3600000000e+01 1.4296440663e+01
7.3700000000e+01 1.4262260384e+01
7.3800000000e+01 1.4221780176e+01
7.3900000000e+01 1.4174921716e+01
7.4000000000e+01 1.4121627575e+01
7.4100000000e+01 1.4061862762e+01
7.4200000000e+01 1.3995616183e+01
7.4300000000e+01 1.3922901971e+01
7.4400000000e+01 1.3843760661e+01
7.4500000000e+01 1.3758260174e+01
7.4600000000e+01 1.3666496578e+01
7.4700000000e+01 1.3568594599e+01
7.4800000000e+01 1.3464707869e+01
7.4900000000e+01 1.3355018895e+01
7.5000000000e+01 1.3239738724e+01
7.5100000000e+01 1.3119106325e+01
7.5200000000e+01 1.2993387666e+01
7.5300000000e+01 1.2862874509e+01
7.5400000000e+01 1.2727882931e+01
7.5500000000e+01 1.2588751579e+01
7.5600000000e+01 1.2445839703e+01
7.5700000000e+01 1.2299524970e+01
7.5800000000e+01 1.2150201106e+01
7.5900000000e+01 1.1998275391e+01
7.6000000000e+01 1.1844166046e+01
7.6100000000e+01 1.1688299542e+01
7.6200000000e+01 1.1531107881e+01
7.6300000000e+01 1.1373025870e+01
7.6400000000e+01 1.1214488439e+01
7.6500000000e+01 1.1055928030e+01
7.6600000000e+01 1.0897772088e+01
7.6700000000e+01 1.0740440691e+01
7.6800000000e+01 1.0584344338e+01
7.6900000000e+01 1.0429881924e+01
7.7000000000e+01 1.0277438919e+01
7.7100000000e+01 1.0127385754e+01
7.7200000000e+01 9.9800764495e+00
7.7300000000e+01 9.8358474634e+00
7.7400000000e+01 9.6950167763e+00
7.7500000000e+01 9.5578832062e+00
7.7600000000e+01 9.4247259433e+00
7.7700000000e+01 9.2958042938e+00
7.7800000000e+01 9.1713576188e+00
7.7900000000e+01 9.0516054481e+00
7.8000000000e+01 8.9367477491e+00
7.8100000000e+01 8.8269653278e+00
7.8200000000e+01 8.7224203374e+00
7.8300000000e+01 8.6232568690e+00
7.8400000000e+01 8.5296015995e+00
7.8500000000e+01 8.4415644715e+00
7.8600000000e+01 8.3592393794e+00
7.8700000000e+01 8.2827048415e+00
7.8800000000e+01 8.2120246340e+00
7.8900000000e+01 8.1472483707e+00
7.9000000000e+01 8.0884120113e+00
7.9100000000e+01 8.0355382848e+00
7.9200000000e+01 7.9886370202e+00
7.9300000000e+01 7.9477053760e+00
7.9400000000e+01 7.9127279681e+00
7.9500000000e+01 7.8836768952e+00
7.9600000000e+01 7.8605116669e+00
7.9700000000e+01 7.8431790419e+00
7.9800000000e+01 7.8316127875e+00
7.9900000000e+01 7.8257333721e+00
8.0000000000e+01 7.8254476096e+00
8.0100000000e+01 7.8306482701e+00
8.0200000000e+01 7.8412136789e+00
8.0300000000e+01 7.8570073228e+00
8.0400000000e+01 7.8778774850e+00
8.0500000000e+01 7.9036569293e+00
8.0600000000e+01 7.9341626545e+00
8.0700000000e+01 7.9691957379e+00
8.0800000000e+01 8.0085412857e+00
8.0900000000e+01 8.0519685068e+00
8.1000000000e+01 8.0992309229e+00
8.1100000000e+01 8.1500667266e+00
8.1200000000e+01 8.2041992948e+00
8.1300000000e+01 8.2613378630e+00
8.1400000000e+01 8.3211783619e+00
8.1500000000e+01 8.3834044140e+00
8.1600000000e+01 8.4476884869e+00
8.1700000000e+01 8.5136931930e+00
8.1800000000e+01 8.5810727264e+00
8.1900000000e+01 8.6494744215e+00
8.2000000000e+01 8.7185404188e+00
8.2100000000e+01 8.7879094164e+00
8.2200000000e+01 8.8572184901e+00
8.2300000000e+01 8.9261049576e+00
8.2400000000e+01 8.9942082669e+00
8.2500000000e+01 9.0611718826e+00
8.2600000000e+01 9.1266451508e+00
8.2700000000e+01 9.1902851176e+00
8.2800000000e+01 9.2517582797e+00
8.2900000000e+01 9.3107422491e+00
8.3000000000e+01 9.3669273103e+00
8.3100000000e+01 9.4200178565e+00
8.3200000000e+01 9.4697336883e+00
8.3300000000e+01 9.5158111651e+00
8.3400000000e+01 9.5580041993e+00
8.3500000000e+01 9.5960850875e+00
8.3600000000e+01 9.6298451763e+00
8.3700000000e+01 9.6590953614e+00
8.3800000000e+01 9.6836664229e+00
8.3900000000e+01 9.7034092024e+00
8.4000000000e+01 9.7181946294e+00
8.4100000000e+01 9.7279136058e+00
8.4200000000e+01 9.7324767625e+00
8.4300000000e+01 9.7318140995e+00
8.4400000000e+01 9.7258745259e+00
8.4500000000e+01 9.7146253142e+00
8.4600000000e+01 9.6980514870e+00
8.4700000000e+01 9.6761551514e+00
8.4800000000e+01 9.6489547979e+00
8.4900000000e+01 9.6164845807e+00
8.5000000000e+01 9.5787935934e+00
8.5100000000e+01 9.5359451554e+00
8.5200000000e+01 9.4880161202e+00
8.5300000000e+01 9.4350962185e+00
8.5400000000e+01 9.3772874440e+00
8.5500000000e+01 9.3147034886e+00
8.5600000000e+01 9.2474692347e+00
8.5700000000e+01 9.1757203035e+00
8.5800000000e+01 9.0996026636e+00
8.5900000000e+01 9.0192722964e+00
8.6000000000e+01 8.9348949156e+00
8.6100000000e+01 8.8466457347e+00
8.6200000000e+01 8.7547092759e+00
8.6300000000e+01 8.6592792117e+00
8.6400000000e+01 8.5605582278e+00
8.6500000000e+01 8.4587578989e+00
8.6600000000e+01 8.3540985620e+00
8.6700000000e+01 8.2468091786e+00
8.6800000000e+01 8.1371271707e+00
8.6900000000e+01 8.0252982196e+00
8.7000000000e+01 7.9115760166e+00
8.7100000000e+01 7.7962219529e+00
8.7200000000e+01 7.6795047410e+00
8.7300000000e+01 7.5616999583e+00
8.7400000000e+01 7.4430895063e+00
8.7500000000e+01 7.3239609805e+00
8.7600000000e+01 7.2046069483e+00
8.7700000000e+01 7.0853241332e+00
8.7800000000e+01 6.9664125070e+00
8.7900000000e+01 6.8481742933e+00
8.8000000000e+01 6.7309128864e+00
8.8100000000e+01 6.6149316943e+00
8.8200000000e+01 6.5005329139e+00
8.8300000000e+01 6.3880162484e+00
8.8400000000e+01 6.2776775818e+00
8.8500000000e+01 6.1698076196e+00
8.8600000000e+01 6.0646905149e+00
8.8700000000e+01 5.9626024908e+00
8.8800000000e+01 5.8638104769e+00
8.8900000000e+01 5.7685707753e+00
8.9000000000e+01 5.6771277704e+00
8.9100000000e+01 5.5897126983e+00
8.9200000000e+01 5.5065424893e+00
8.9300000000e+01 5.4278186971e+00
8.9400000000e+01 5.3537265253e+00
8.9500000000e+01 5.2844339634e+00
8.9600000000e+01 5.2200910385e+00
8.9700000000e+01 5.1608291908e+00
8.9800000000e+01 5.1067607783e+00
8.9900000000e+01 5.0579787116e+00
9.0000000000e+01 5.0145562217e+00
9.0100000000e+01 4.9765467589e+00
9.0200000000e+01 4.9439840189e+00
9.0300000000e+01 4.9168820936e+00
9.0400000000e+01 4.8952357377e+00
9.0500000000e+01 4.8790207453e+00
9.0600000000e+01 4.8681944254e+00
9.0700000000e+01 4.8626961679e+00
9.0800000000e+01 4.8624480875e+00
9.0900000000e+01 4.8673557347e+00
9.1000000000e+01 4.8773088611e+00
9.1100000000e+01 4.8921822277e+00
9.1200000000e+01 4.9118364434e+00
9.1300000000e+01 4.9361188225e+00
9.1400000000e+01 4.9648642504e+00
9.1500000000e+01 4.9978960460e+00
9.1600000000e+01 5.0350268135e+00
9.1700000000e+01 5.0760592746e+00
9.1800000000e+01 5.1207870731e+00
9.1900000000e+01 5.1689955488e+00
9.2000000000e+01 5.2204624750e+00
9.2100000000e+01 5.2749587577e+00
9.2200000000e+01 5.3322490944e+00
9.2300000000e+01 5.3920925951e+00
9.2400000000e+01 5.4542433640e+00
9.2500000000e+01 5.5184510477e+00
9.2600000000e+01 5.5844613520e+00
9.2700000000e+01 5.6520165329e+00
9.2800000000e+01 5.7208558680e+00
9.2900000000e+01 5.7907161143e+00
9.3000000000e+01 5.8613319588e+00
9.3100000000e+01 5.9324364706e+00
9.3200000000e+01 6.0037615591e+00
9.3300000000e+01 6.0750384480e+00
9.3400000000e+01 6.1459981696e+00
9.3500000000e+01 6.2163720855e+00
9.3600000000e+01 6.2858924404e+00
9.3700000000e+01 6.3542929518e+00
9.3800000000e+01 6.4213094387e+00
9.3900000000e+01 6.4866804927e+00
9.4000000000e+01 6.5501481913e+00
9.4100000000e+01 6.6114588527e+00
9.4200000000e+01 6.6703638310e+00
9.4300000000e+01 6.7266203480e+00
9.4400000000e+01 6.7799923578e+00
9.4500000000e+01 6.8302514376e+00
9.4600000000e+01 6.8771776987e+00
9.4700000000e+01 6.9205607095e+00
9.4800000000e+01 6.9602004211e+00
9.4900000000e+01 6.9959080880e+00
9.5000000000e+01 7.0275071714e+00
9.5100000000e+01 7.0548342166e+00
9.5200000000e+01 7.0777396936e+00
9.5300000000e+01 7.0960887902e+00
9.5400000000e+01 7.1097621476e+00
9.5500000000e+01 7.1186565293e+00
9.5600000000e+01 7.1226854139e+00
9.5700000000e+01 7.1217795034e+00
9.5800000000e+01 7.1158871410e+00
9.5900000000e+01 7.1049746312e+00
9.6000000000e+01 7.0890264582e+00
9.6100000000e+01 7.0680453987e+00
9.6200000000e+01 7.0420525284e+00
9.6300000000e+01 7.0110871195e+00
9.6400000000e+01 6.9752064323e+00
9.6500000000e+01 6.9344854020e+00
9.6600000000e+01 6.8890162251e+00
9.6700000000e+01 6.8389078495e+00
9.6800000000e+01 6.7842853759e+00
9.6900000000e+01 6.7252893760e+00
9.7000000000e+01 6.6620751373e+00
9.7100000000e+01 6.5948118424e+00
9.7200000000e+01 6.5236816926e+00
9.7300000000e+01 6.4488789856e+00
9.7400000000e+01 6.3706091574e+00
9.7500000000e+01 6.2890877989e+00
9.7600000000e+01 6.2045396558e+00
9.7700000000e+01 6.1171976234e+00
9.7800000000e+01 6.0273017439e+00
9.7900000000e+01 5.9350982150e+00
9.8000000000e+01 5.8408384178e+00
9.8100000000e+01 5.7447779705e+00
9.8200000000e+01 5.6471758137e+00
9.8300000000e+01 5.5482933325e+00
9.8400000000e+01 5.4483935183e+00
9.8500000000e+01 5.3477401731e+00
9.8600000000e+01 5.2465971588e+00
9.8700000000e+01 5.1452276897e+00
9.8800000000e+01 5.0438936699e+00
9.8900000000e+01 4.9428550716e+00
9.9000000000e+01 4.8423693546e+00
9.9100000000e+01 4.7426909206e+00
9.9200000000e+01 4.6440706012e+00
9.9300000000e+01 4.5467551732e+00
9.9400000000e+01 4.4509868976e+00
9.9500000000e+01 4.3570030772e+00
9.9600000000e+01 4.2650356268e+00
9.9700000000e+01 4.1753106531e+00
9.9800000000e+01 4.0880480371e+00
9.9900000000e+01 4.0034610168e+00
1.0000000000e+02 3.9217557652e+00
1.0010000000e+02 3.8431309609e+00
1.0020000000e+02 3.7677773487e+00
1.0030000000e+02 3.6958772881e+00
1.0040000000e+02 3.6276042901e+00
1.0050000000e+02 3.5631225405e+00
1.0060000000e+02 3.5025864126e+00
1.0070000000e+02 3.4461399698e+00
1.0080000000e+02 3.3939164617e+00
1.0090000000e+02 3.3460378171e+00
1.0100000000e+02 3.3026141380e+00
1.0110000000e+02 3.2637432005e+00
1.0120000000e+02 3.2295099677e+00
1.0130000000e+02 3.1999861208e+00
1.0140000000e+02 3.1752296160e+00
1.0150000000e+02 3.1552842720e+00
1.0160000000e+02 3.1401793975e+00
1.0170000000e+02 3.1299294632e+00
1.0180000000e+02 3.1245338265e+00
1.0190000000e+02 3.1239765147e+00
1.0200000000e+02 3.1282260717e+00
1.0210000000e+02 3.1372354745e+00
1.0220000000e+02 3.1509421229e+00
1.0230000000e+02 3.1692679070e+00
1.0240000000e+02 3.1921193541e+00
1.0250000000e+02 3.2193878564e+00
1.0260000000e+02 3.2509499820e+00
1.0270000000e+02 3.2866678665e+00
1.0280000000e+02 3.3263896847e+00
1.0290000000e+02 3.3699501998e+00
1.0300000000e+02 3.4171713864e+00
1.0310000000e+02 3.4678631225e+00
1.0320000000e+02 3.5218239456e+00
1.0330000000e+02 3.5788418658e+00
1.0340000000e+02 3.6386952306e+00
1.0350000000e+02 3.7011536317e+00
1.0360000000e+02 3.7659788480e+00
1.0370000000e+02 3.8329258158e+00
1.0380000000e+02 3.9017436180e+00
1.0390000000e+02 3.9721764835e+00
1.0400000000e+02 4.0439647902e+00
1.0410000000e+02 4.1168460619e+00
1.0420000000e+02 4.1905559530e+00
1.0430000000e+02 4.2648292135e+00
1.0440000000e+02 4.3394006276e+00
1.0450000000e+02 4.4140059220e+00
1.0460000000e+02 4.4883826364e+00
1.0470000000e+02 4.5622709546e+00
1.0480000000e+02 4.6354144918e+00
1.0490000000e+02 4.7075610363e+00
1.0500000000e+02 4.7784632442e+00
1.0510000000e+02 4.8478792863e+00
1.0520000000e+02 4.9155734481e+00
1.0530000000e+02 4.9813166835e+00
1.0540000000e+02 5.0448871241e+00
1.0550000000e+02 5.1060705469e+00
1.0560000000e+02 5.1646608030e+00
1.0570000000e+02 5.2204602100e+00
1.0580000000e+02 5.2732799136e+00
1.0590000000e+02 5.3229402206e+00
1.0600000000e+02 5.3692709070e+00
1.0610000000e+02 5.4121115073e+00
1.0620000000e+02 5.4513115862e+00
1.0630000000e+02 5.4867309977e+00
1.0640000000e+02 5.5182401346e+00
1.0650000000e+02 5.5457201697e+00
1.0660000000e+02 5.5690632936e+00
1.0670000000e+02 5.5881729479e+00
1.0680000000e+02 5.6029640562e+00
1.0690000000e+02 5.6133632530e+00
1.0700000000e+02 5.6193091097e+00
1.0710000000e+02 5.6207523574e+00
1.0720000000e+02 5.6176561037e+00
1.0730000000e+02 5.6099960418e+00
1.0740000000e+02 5.5977606485e+00
1.0750000000e+02 5.5809513684e+00
1.0760000000e+02 5.5595827791e+00
1.0770000000e+02 5.5336827338e+00
1.0780000000e+02 5.5032924766e+00
1.0790000000e+02 5.4684667260e+00
1.0800000000e+02 5.4292737209e+00
1.0810000000e+02 5.3857952255e+00
1.0820000000e+02 5.3381264873e+00
1.0830000000e+02 5.2863761449e+00
1.0840000000e+02 5.2306660814e+00
1.0850000000e+02 5.1711312191e+00
1.0860000000e+02 5.1079192544e+00
1.0870000000e+02 5.0411903290e+00
1.0880000000e+02 4.9711166368e+00
1.0890000000e+02 4.8978819662e+00
1.0900000000e+02 4.8216811765e+00
1.0910000000e+02 4.7427196116e+00
1.0920000000e+02 4.6612124508e+00
1.0930000000e+02 4.5773840007e+00
1.0940000000e+02 4.4914669311e+00
1.0950000000e+02 4.4037014596e+00
1.0960000000e+02 4.3143344896e+00
1.0970000000e+02 4.2236187079e+00
1.0980000000e+02 4.1318116469e+00
1.0990000000e+02 4.0391747200e+00
1.1000000000e+02 3.9459722347e+00
1.1010000000e+02 3.8524703935e+00
1.1020000000e+02 3.7589362872e+00
1.1030000000e+02 3.6656368901e+00
1.1040000000e+02 3.5728380636e+00
1.1050000000e+02 3.4808035745e+00
1.1060000000e+02 3.3897941360e+00
1.1070000000e+02 3.3000664773e+00
1.1080000000e+02 3.2118724467e+00
1.1090000000e+02 3.1254581548e+00
1.1100000000e+02 3.0410631614e+00
1.1110000000e+02 2.9589197096e+00
1.1120000000e+02 2.8792520115e+00
1.1130000000e+02 2.8022755868e+00
1.1140000000e+02 2.7281966552e+00
1.1150000000e+02 2.6572115849e+00
1.1160000000e+02 2.5895063966e+00
1.1170000000e+02 2.5252563217e+00
1.1180000000e+02 2.4646254135e+00
1.1190000000e+02 2.4077662111e+00
1.1200000000e+02 2.3548194510e+00
1.1210000000e+02 2.3059138253e+00
1.1220000000e+02 2.2611657833e+00
1.1230000000e+02 2.2206793721e+00
1.1240000000e+02 2.1845461135e+00
1.1250000000e+02 2.1528449129e+00
1.1260000000e+02 2.1256419974e+00
1.1270000000e+02 2.1029908792e+00
1.1280000000e+02 2.0849323407e+00
1.1290000000e+02 2.0714944393e+00
1.1300000000e+02 2.0626925288e+00
1.1310000000e+02 2.0585292947e+00
1.1320000000e+02 2.0589948034e+00
1.1330000000e+02 2.0640665624e+00
1.1340000000e+02 2.0737095913e+00
1.1350000000e+02 2.0878765049e+00
1.1360000000e+02 2.1065076067e+00
1.1370000000e+02 2.1295309952e+00
1.1380000000e+02 2.1568626840e+00
1.1390000000e+02 2.1884067375e+00
1.1400000000e+02 2.2240554248e+00
1.1410000000e+02 2.2636893933e+00
1.1420000000e+02 2.3071778665e+00
1.1430000000e+02 2.3543788674e+00
1.1440000000e+02 2.4051394710e+00
1.1450000000e+02 2.4592960900e+00
1.1460000000e+02 2.5166747943e+00
1.1470000000e+02 2.5770916691e+00
1.1480000000e+02 2.6403532136e+00
1.1490000000e+02 2.7062567812e+00
1.1500000000e+02 2.7745910645e+00
1.1510000000e+02 2.8451366245e+00
1.1520000000e+02 2.9176664666e+00
1.1530000000e+02 2.9919466614e+00
1.1540000000e+02 3.0677370102e+00
1.1550000000e+02 3.1447917553e+00
1.1560000000e+02 3.2228603302e+00
1.1570000000e+02 3.3016881498e+00
1.1580000000e+02 3.3810174355e+00
1.1590000000e+02 3.4605880720e+00
1.1600000000e+02 3.5401384905e+00
1.1610000000e+02 3.6194065745e+00
1.1620000000e+02 3.6981305811e+00
1.1630000000e+02 3.7760500736e+00
1.1640000000e+02 3.8529068573e+00
1.1650000000e+02 3.9284459144e+00
1.1660000000e+02 4.0024163292e+00
1.1670000000e+02 4.0745721994e+00
1.1680000000e+02 4.1446735254e+00
1.1690000000e+02 4.2124870725e+00
1.1700000000e+02 4.2777871997e+00
1.1710000000e+02 4.3403566501e+00
1.1720000000e+02 4.3999872974e+00
1.1730000000e+02 4.4564808445e+00
1.1740000000e+02 4.5096494699e+00
1.1750000000e+02 4.5593164197e+00
1.1760000000e+02 4.6053165408e+00
1.1770000000e+02 4.6474967561e+00
1.1780000000e+02 4.6857164782e+00
1.1790000000e+02 4.7198479622e+00
1.1800000000e+02 4.7497765988e+00
1.1810000000e+02 4.7754011468e+00
1.1820000000e+02 4.7966339083e+00
1.1830000000e+02 4.8134008473e+00
1.1840000000e+02 4.8256416560e+00
1.1850000000e+02 4.8333097699e+00
1.1860000000e+02 4.8363723372e+00
1.1870000000e+02 4.8348101441e+00
1.1880000000e+02 4.8286175020e+00
1.1890000000e+02 4.8178020983e+00
1.1900000000e+02 4.8023848172e+00
1.1910000000e+02 4.7823995317e+00
1.1920000000e+02 4.7578928730e+00
1.1930000000e+02 4.7289239794e+00
1.1940000000e+02 4.6955642276e+00
1.1950000000e+02 4.6578969505e+00
1.1960000000e+02 4.6160171424e+00
1.1970000000e+02 4.5700311551e+00
1.1980000000e+02 4.5200563850e+00
1.1990000000e+02 4.4662209527e+00
1.2000000000e+02 4.4086633756e+00
1.2010000000e+02 4.3475322341e+00
1.2020000000e+02 4.2829858295e+00
1.2030000000e+02 4.2151918341e+00
1.2040000000e+02 4.1443269314e+00
1.2050000000e+02 4.0705764451e+00
1.2060000000e+02 3.9941339554e+00
1.2070000000e+02 3.9152008989e+00
1.2080000000e+02 3.8339861526e+00
1.2090000000e+02 3.7507055967e+00
1.2100000000e+02 3.6655816563e+00
1.2110000000e+02 3.5788428188e+00
1.2120000000e+02 3.4907231244e+00
1.2130000000e+02 3.4014616297e+00
1.2140000000e+02 3.3113018416e+00
1.2150000000e+02 3.2204911206e+00
1.2160000000e+02 3.1292800538e+00
1.2170000000e+02 3.0379217966e+00
1.2180000000e+02 2.9466713845e+00
1.2190000000e+02 2.8557850146e+00
1.2200000000e+02 2.7655193006e+00
1.2210000000e+02 2.6761305012e+00
1.2220000000e+02 2.5878737265e+00
1.2230000000e+02 2.5010021248e+00
1.2240000000e+02 2.4157660535e+00
1.2250000000e+02 2.3324122394e+00
1.2260000000e+02 2.2511829324e+00
1.2270000000e+02 2.1723150575e+00
1.2280000000e+02 2.0960393718e+00
1.2290000000e+02 2.0225796301e+00
1.2300000000e+02 1.9521517671e+00
1.2310000000e+02 1.8849630997e+00
1.2320000000e+02 1.8212115575e+00
1.2330000000e+02 1.7610849445e+00
1.2340000000e+02 1.7047602396e+00
1.2350000000e+02 1.6524029397e+00
1.2360000000e+02 1.6041664500e+00
1.2370000000e+02 1.5601915265e+00
1.2380000000e+02 1.5206057730e+00
1.2390000000e+02 1.4855231975e+00
1.2400000000e+02 1.4550438283e+00
1.2410000000e+02 1.4292533931e+00
1.2420000000e+02 1.4082230622e+00
1.2430000000e+02 1.3920092548e+00
1.2440000000e+02 1.3806535104e+00
1.2450000000e+02 1.3741824221e+00
1.2460000000e+02 1.3726076320e+00
1.2470000000e+02 1.3759258862e+00
1.2480000000e+02 1.3841191465e+00
1.2490000000e+02 1.3971547559e+00
1.2500000000e+02 1.4149856550e+00
1.2510000000e+02 1.4375506448e+00
1.2520000000e+02 1.4647746924e+00
1.2530000000e+02 1.4965692758e+00
1.2540000000e+02 1.5328327628e+00
1.2550000000e+02 1.5734508206e+00
1.2560000000e+02 1.6182968518e+00
1.2570000000e+02 1.6672324524e+00
1.2580000000e+02 1.7201078896e+00
1.2590000000e+02 1.7767625938e+00
1.2600000000e+02 1.8370256640e+00
1.2610000000e+02 1.9007163823e+00
1.2620000000e+02 1.9676447368e+00
1.2630000000e+02 2.0376119494e+00
1.2640000000e+02 2.1104110087e+00
1.2650000000e+02 2.1858272066e+00
1.2660000000e+02 2.2636386782e+00
1.2670000000e+02 2.3436169442e+00
1.2680000000e+02 2.4255274588e+00
1.2690000000e+02 2.5091301600e+00
1.2700000000e+02 2.5941800270e+00
1.2710000000e+02 2.6804276436e+00
1.2720000000e+02 2.7676197705e+00
1.2730000000e+02 2.8554999265e+00
1.2740000000e+02 2.9438089827e+00
1.2750000000e+02 3.0322857679e+00
1.2760000000e+02 3.1206676900e+00
1.2770000000e+02 3.2086913724e+00
1.2780000000e+02 3.2960933070e+00
1.2790000000e+02 3.3826105253e+00
1.2800000000e+02 3.4679812862e+00
1.2810000000e+02 3.5519457829e+00
1.2820000000e+02 3.6342468649e+00
1.2830000000e+02 3.7146307777e+00
1.2840000000e+02 3.7928479162e+00
1.2850000000e+02 3.8686535896e+00
1.2860000000e+02 3.9418087971e+00
1.2870000000e+02 4.0120810092e+00
1.2880000000e+02 4.0792449522e+00
1.2890000000e+02 4.1430833908e+00
1.2900000000e+02 4.2033879056e+00
1.2910000000e+02 4.2599596591e+00
1.2920000000e+02 4.3126101470e+00
1.2930000000e+02 4.3611619271e+00
1.2940000000e+02 4.4054493224e+00
1.2950000000e+02 4.4453190922e+00
1.2960000000e+02 4.4806310654e+00
1.2970000000e+02 4.5112587309e+00
1.2980000000e+02 4.5370897803e+00
1.2990000000e+02 4.5580265981e+00
1.3000000000e+02 4.5739866943e+00
1.3010000000e+02 4.5849030763e+00
1.3020000000e+02 4.5907245567e+00
1.3030000000e+02 4.5914159932e+00
1.3040000000e+02 4.5869584595e+00
1.3050000000e+02 4.5773493455e+00
1.3060000000e+02 4.5626023854e+00
1.3070000000e+02 4.5427476140e+00
1.3080000000e+02 4.5178312524e+00
1.3090000000e+02 4.4879155232e+00
1.3100000000e+02 4.4530783981e+00
1.3110000000e+02 4.4134132805e+00
1.3120000000e+02 4.3690286258e+00
1.3130000000e+02 4.3200475035e+00
1.3140000000e+02 4.2666071056e+00
1.3150000000e+02 4.2088582049e+00
1.3160000000e+02 4.1469645695e+00
1.3170000000e+02 4.0811023374e+00
1.3180000000e+02 4.0114593572e+00
1.3190000000e+02 3.9382344999e+00
1.3200000000e+02 3.8616369473e+00
1.3210000000e+02 3.7818854614e+00
1.3220000000e+02 3.6992076411e+00
1.3230000000e+02 3.6138391697e+00
1.3240000000e+02 3.5260230577e+00
1.3250000000e+02 3.4360088853e+00
1.3260000000e+02 3.3440520476e+00
1.3270000000e+02 3.2504130058e+00
1.3280000000e+02 3.1553565468e+00
1.3290000000e+02 3.0591510525e+00
1.3300000000e+02 2.9620677818e+00
1.3310000000e+02 2.8643801643e+00
1.3320000000e+02 2.7663631079e+00
1.3330000000e+02 2.6682923184e+00
1.3340000000e+02 2.5704436332e+00
1.3350000000e+02 2.4730923654e+00
1.3360000000e+02 2.3765126591e+00
1.3370000000e+02 2.2809768546e+00
1.3380000000e+02 2.1867548606e+00
1.3390000000e+02 2.0941135331e+00
1.3400000000e+02 2.0033160587e+00
1.3410000000e+02 1.9146213412e+00
1.3420000000e+02 1.8282833895e+00
1.3430000000e+02 1.7445507062e+00
1.3440000000e+02 1.6636656751e+00
1.3450000000e+02 1.5858639476e+00
1.3460000000e+02 1.5113738281e+00
1.3470000000e+02 1.4404156573e+00
1.3480000000e+02 1.3732011952e+00
1.3490000000e+02 1.3099330043e+00
1.3500000000e+02 1.2508038346e+00
1.3510000000e+02 1.1959960131e+00
1.3520000000e+02 1.1456808394e+00
1.3530000000e+02 1.1000179910e+00
1.3540000000e+02 1.0591549422e+00
1.3550000000e+02 1.0232263988e+00
1.3560000000e+02 9.9235375517e-01
1.3570000000e+02 9.6664457556e-01
1.3580000000e+02 9.4619210639e-01
1.3590000000e+02 9.3107482268e-01
1.3600000000e+02 9.2135601427e-01
1.3610000000e+02 9.1708341610e-01
1.3620000000e+02 9.1828888720e-01
1.3630000000e+02 9.2498814267e-01
1.3640000000e+02 9.3718054259e-01
1.3650000000e+02 9.5484894149e-01
1.3660000000e+02 9.7795960148e-01
1.3670000000e+02 1.0064621716e+00
1.3680000000e+02 1.0402897352e+00
1.3690000000e+02 1.0793589271e+00
1.3700000000e+02 1.1235701208e+00
1.3710000000e+02 1.1728076855e+00
1.3720000000e+02 1.2269403131e+00
1.3730000000e+02 1.2858214123e+00
1.3740000000e+02 1.3492895689e+00
1.3750000000e+02 1.4171690688e+00
1.3760000000e+02 1.4892704802e+00
1.3770000000e+02 1.5653912912e+00
1.3780000000e+02 1.6453165980e+00
1.3790000000e+02 1.7288198393e+00
1.3800000000e+02 1.8156635705e+00
1.3810000000e+02 1.9056002728e+00
1.3820000000e+02 1.9983731918e+00
1.3830000000e+02 2.0937171985e+00
1.3840000000e+02 2.1913596678e+00
1.3850000000e+02 2.2910213685e+00
1.3860000000e+02 2.3924173590e+00
1.3870000000e+02 2.4952578840e+00
1.3880000000e+02 2.5992492661e+00
1.3890000000e+02 2.7040947891e+00
1.3900000000e+02 2.8094955683e+00
1.3910000000e+02 2.9151514041e+00
1.3920000000e+02 3.0207616170e+00
1.3930000000e+02 3.1260258597e+00
1.3940000000e+02 3.2306449071e+00
1.3950000000e+02 3.3343214210e+00
1.3960000000e+02 3.4367606900e+00
1.3970000000e+02 3.5376713443e+00
1.3980000000e+02 3.6367660461e+00
1.3990000000e+02 3.7337621564e+00
1.4000000000e+02 3.8283823799e+00
1.4010000000e+02 3.9203553890e+00
1.4020000000e+02 4.0094164303e+00
1.4030000000e+02 4.0953079139e+00
1.4040000000e+02 4.1777799900e+00
1.4050000000e+02 4.2565911124e+00
1.4060000000e+02 4.3315085938e+00
1.4070000000e+02 4.4023091528e+00
1.4080000000e+02 4.4687794555e+00
1.4090000000e+02 4.5307166523e+00
1.4100000000e+02 4.5879289123e+00
1.4110000000e+02 4.6402359535e+00
1.4120000000e+02 4.6874695719e+00
1.4130000000e+02 4.7294741656e+00
1.4140000000e+02 4.7661072558e+00
1.4150000000e+02 4.7972400012e+00
1.4160000000e+02 4.8227577042e+00
1.4170000000e+02 4.8425603053e+00
1.4180000000e+02 4.8565628639e+00
1.4190000000e+02 4.8646960197e+00
1.4200000000e+02 4.8669064317e+00
1.4210000000e+02 4.8631571891e+00
1.4220000000e+02 4.8534281898e+00
1.4230000000e+02 4.8377164807e+00
1.4240000000e+02 4.8160365550e+00
1.4250000000e+02 4.7884205996e+00
1.4260000000e+02 4.7549186894e+00
1.4270000000e+02 4.7155989214e+00
1.4280000000e+02 4.6705474847e+00
1.4290000000e+02 4.6198686618e+00
1.4300000000e+02 4.5636847568e+00
1.4310000000e+02 4.5021359475e+00
1.4320000000e+02 4.4353800582e+00
1.4330000000e+02 4.3635922520e+00
1.4340000000e+02 4.2869646406e+00
1.4350000000e+02 4.2057058114e+00
1.4360000000e+02 4.1200402728e+00
1.4370000000e+02 4.0302078196e+00
1.4380000000e+02 3.9364628191e+00
1.4390000000e+02 3.8390734234e+00
1.4400000000e+02 3.7383207107e+00
1.4410000000e+02 3.6344977606e+00
1.4420000000e+02 3.5279086702e+00
1.4430000000e+02 3.4188675158e+00
1.4440000000e+02 3.3076972682e+00
1.4450000000e+02 3.1947286693e+00
1.4460000000e+02 3.0802990765e+00
1.4470000000e+02 2.9647512850e+00
1.4480000000e+02 2.8484323337e+00
1.4490000000e+02 2.7316923056e+00
1.4500000000e+02 2.6148831282e+00
1.4510000000e+02 2.4983573842e+00
1.4520000000e+02 2.3824671378e+00
1.4530000000e+02 2.2675627852e+00
1.4540000000e+02 2.1539919351e+00
1.4550000000e+02 2.0420983246e+00
1.4560000000e+02 1.9322207770e+00
1.4570000000e+02 1.8246922034e+00
1.4580000000e+02 1.7198386546e+00
1.4590000000e+02 1.6179784227e+00
1.4600000000e+02 1.5194211969e+00
1.4610000000e+02 1.4244672722e+00
1.4620000000e+02 1.3334068121e+00
1.4630000000e+02 1.2465191652e+00
1.4640000000e+02 1.1640722319e+00
1.4650000000e+02 1.0863218817e+00
1.4660000000e+02 1.0135114168e+00
1.4670000000e+02 9.4587107822e-01
1.4680000000e+02 8.8361759324e-01
1.4690000000e+02 8.2695375742e-01
1.4700000000e+02 7.7606804909e-01
1.4710000000e+02 7.3113427151e-01
1.4720000000e+02 6.9231121885e-01
1.4730000000e+02 6.5974236215e-01
1.4740000000e+02 6.3355555194e-01
1.4750000000e+02 6.1386273430e-01
1.4760000000e+02 6.0075967796e-01
1.4770000000e+02 5.9432571031e-01
1.4780000000e+02 5.9462346125e-01
1.4790000000e+02 6.0169861407e-01
1.4800000000e+02 6.1557966371e-01
1.4810000000e+02 6.3627768323e-01
1.4820000000e+02 6.6378610021e-01
1.4830000000e+02 6.9808048570e-01
1.4840000000e+02 7.3911835873e-01
1.4850000000e+02 7.8683901048e-01
1.4860000000e+02 8.4116335245e-01
1.4870000000e+02 9.0199379388e-01
1.4880000000e+02 9.6921415376e-01
1.4890000000e+02 1.0426896133e+00
1.4900000000e+02 1.1222667151e+00
1.4910000000e+02 1.2077734148e+00
1.4920000000e+02 1.2990191913e+00
1.4930000000e+02 1.3957952225e+00
1.4940000000e+02 1.4978746304e+00
1.4950000000e+02 1.6050128019e+00
1.4960000000e+02 1.7169477896e+00
1.4970000000e+02 1.8334007967e+00
1.4980000000e+02 1.9540767480e+00
1.4990000000e+02 2.0786649507e+00
1.5000000000e+02 2.2068398438e+00
1.5010000000e+02 2.3382618393e+00
1.5020000000e+02 2.4725782504e+00
1.5030000000e+02 2.6094243077e+00
1.5040000000e+02 2.7484242571e+00
1.5050000000e+02 2.8891925376e+00
1.5060000000e+02 3.0313350303e+00
1.5070000000e+02 3.1744503744e+00
1.5080000000e+02 3.3181313411e+00
1.5090000000e+02 3.4619662559e+00
1.5100000000e+02 3.6055404625e+00
1.5110000000e+02 3.7484378152e+00
1.5120000000e+02 3.8902421913e+00
1.5130000000e+02 4.0305390115e+00
1.5140000000e+02 4.1689167578e+00
1.5150000000e+02 4.3049684774e+00
1.5160000000e+02 4.4382932615e+00
1.5170000000e+02 4.5684976896e+00
1.5180000000e+02 4.6951972273e+00
1.5190000000e+02 4.8180175695e+00
1.5200000000e+02 4.9365959204e+00
1.5210000000e+02 5.0505822013e+00
1.5220000000e+02 5.1596401809e+00
1.5230000000e+02 5.2634485220e+00
1.5240000000e+02 5.3617017398e+00
1.5250000000e+02 5.4541110693e+00
1.5260000000e+02 5.5404052394e+00
1.5270000000e+02 5.6203311541e+00
1.5280000000e+02 5.6936544795e+00
1.5290000000e+02 5.7601601408e+00
1.5300000000e+02 5.8196527307e+00
1.5310000000e+02 5.8719568335e+00
1.5320000000e+02 5.9169172703e+00
1.5330000000e+02 5.9543992708e+00
1.5340000000e+02 5.9842885777e+00
1.5350000000e+02 6.0064914918e+00
1.5360000000e+02 6.0209348633e+00
1.5370000000e+02 6.0275660389e+00
1.5380000000e+02 6.0263527699e+00
1.5390000000e+02 6.0172830906e+00
1.5400000000e+02 6.0003651733e+00
1.5410000000e+02 5.9756271653e+00
1.5420000000e+02 5.9431170163e+00
1.5430000000e+02 5.9029022986e+00
1.5440000000e+02 5.8550700269e+00
1.5450000000e+02 5.7997264787e+00
1.5460000000e+02 5.7369970205e+00
1.5470000000e+02 5.6670259372e+00
1.5480000000e+02 5.5899762689e+00
1.5490000000e+02 5.5060296508e+00
1.5500000000e+02 5.4153861558e+00
1.5510000000e+02 5.3182641359e+00
1.5520000000e+02 5.2149000585e+00
1.5530000000e+02 5.1055483315e+00
1.5540000000e+02 4.9904811125e+00
1.5550000000e+02 4.8699880940e+00
1.5560000000e+02 4.7443762586e+00
1.5570000000e+02 4.6139695945e+00
1.5580000000e+02 4.4791087662e+00
1.5590000000e+02 4.3401507296e+00
1.5600000000e+02 4.1974682850e+00
1.5610000000e+02 4.0514495609e+00
1.5620000000e+02 3.9024974197e+00
1.5630000000e+02 3.7510287813e+00
1.5640000000e+02 3.5974738571e+00
1.5650000000e+02 3.4422752912e+00
1.5660000000e+02 3.2858872043e+00
1.5670000000e+02 3.1287741402e+00
1.5680000000e+02 2.9714099113e+00
1.5690000000e+02 2.8142763473e+00
1.5700000000e+02 2.6578619470e+00
1.5710000000e+02 2.5026604377e+00
1.5720000000e+02 2.3491692489e+00
1.5730000000e+02 2.1978879055e+00
1.5740000000e+02 2.0493163499e+00
1.5750000000e+02 1.9039532033e+00
1.5760000000e+02 1.7622939756e+00
1.5770000000e+02 1.6248292379e+00
1.5780000000e+02 1.4920427693e+00
1.5790000000e+02 1.3644096932e+00
1.5800000000e+02 1.2423946150e+00
1.5810000000e+02 1.1264497789e+00
1.5820000000e+02 1.0170132565e+00
1.5830000000e+02 9.1450718155e-01
1.5840000000e+02 8.1933604712e-01
1.5850000000e+02 7.3188507620e-01
1.5860000000e+02 6.5251868033e-01
1.5870000000e+02 5.8157901711e-01
1.5880000000e+02 5.1938465740e-01
1.5890000000e+02 4.6622937112e-01
1.5900000000e+02 4.2238103951e-01
1.5910000000e+02 3.8808069961e-01
1.5920000000e+02 3.6354172535e-01
1.5930000000e+02 3.4894914768e-01
1.5940000000e+02 3.4445911466e-01
1.5950000000e+02 3.5019849018e-01
1.5960000000e+02 3.6626458901e-01
1.5970000000e+02 3.9272504346e-01
1.5980000000e+02 4.2961779610e-01
1.5990000000e+02 4.7695121114e-01
1.6000000000e+02 5.3470429618e-01
1.6010000000e+02 6.0282702484e-01
1.6020000000e+02 6.8124075002e-01
1.6030000000e+02 7.6983869696e-01
1.6040000000e+02 8.6848652487e-01
1.6050000000e+02 9.7702294578e-01
1.6060000000e+02 1.0952603893e+00
1.6070000000e+02 1.2229857025e+00
1.6080000000e+02 1.3599608741e+00
1.6090000000e+02 1.5059237738e+00
1.6100000000e+02 1.6605888976e+00
1.6110000000e+02 1.8236481120e+00
1.6120000000e+02 1.9947713898e+00
1.6130000000e+02 2.1736075336e+00
1.6140000000e+02 2.3597848828e+00
1.6150000000e+02 2.5529120021e+00
1.6160000000e+02 2.7525783513e+00
1.6170000000e+02 2.9583549381e+00
1.6180000000e+02 3.1697949549e+00
1.6190000000e+02 3.3864344058e+00
1.6200000000e+02 3.6077927282e+00
1.6210000000e+02 3.8333734156e+00
1.6220000000e+02 4.0626646506e+00
1.6230000000e+02 4.2951399558e+00
1.6240000000e+02 4.5302588726e+00
1.6250000000e+02 4.7674676787e+00
1.6260000000e+02 5.0062001529e+00
1.6270000000e+02 5.2458783995e+00
1.6280000000e+02 5.4859137412e+00
1.6290000000e+02 5.7257076908e+00
1.6300000000e+02 5.9646530105e+00
1.6310000000e+02 6.2021348663e+00
1.6320000000e+02 6.4375320855e+00
1.6330000000e+02 6.6702185214e+00
1.6340000000e+02 6.8995645296e+00
1.6350000000e+02 7.1249385583e+00
1.6360000000e+02 7.3457088513e+00
1.6370000000e+02 7.5612452637e+00
1.6380000000e+02 7.7709211844e+00
1.6390000000e+02 7.9741155610e+00
1.6400000000e+02 8.1702150172e+00
1.6410000000e+02 8.3586160541e+00
1.6420000000e+02 8.5387273214e+00
1.6430000000e+02 8.7099719464e+00
1.6440000000e+02 8.8717899029e+00
1.6450000000e+02 9.0236404053e+00
1.6460000000e+02 9.1650043068e+00
1.6470000000e+02 9.2953864852e+00
1.6480000000e+02 9.4143181936e+00
1.6490000000e+02 9.5213593579e+00
1.6500000000e+02 9.6161007997e+00
1.6510000000e+02 9.6981663644e+00
1.6520000000e+02 9.7672149360e+00
1.6530000000e+02 9.8229423192e+00
1.6540000000e+02 9.8650829726e+00
1.6550000000e+02 9.8934115762e+00
1.6560000000e+02 9.9077444210e+00
1.6570000000e+02 9.9079406076e+00
1.6580000000e+02 9.8939030447e+00
1.6590000000e+02 9.8655792415e+00
1.6600000000e+02 9.8229618872e+00
1.6610000000e+02 9.7660892185e+00
1.6620000000e+02 9.6950451728e+00
1.6630000000e+02 9.6099593332e+00
1.6640000000e+02 9.5110066684e+00
1.6650000000e+02 9.3984070776e+00
1.6660000000e+02 9.2724247495e+00
1.6670000000e+02 9.1333673486e+00
1.6680000000e+02 8.9815850419e+00
1.6690000000e+02 8.8174693827e+00
1.6700000000e+02 8.6414520674e+00
1.6710000000e+02 8.4540035835e+00
1.6720000000e+02 8.2556317666e+00
1.6730000000e+02 8.0468802856e+00
1.6740000000e+02 7.8283270729e+00
1.6750000000e+02 7.6005827195e+00
1.6760000000e+02 7.3642888500e+00
1.6770000000e+02 7.1201164948e+00
1.6780000000e+02 6.8687644731e+00
1.6790000000e+02 6.6109578011e+00
1.6800000000e+02 6.3474461342e+00
1.6810000000e+02 6.0790022542e+00
1.6820000000e+02 5.8064206074e+00
1.6830000000e+02 5.5305158983e+00
1.6840000000e+02 5.2521217411e+00
1.6850000000e+02 4.9720893684e+00
1.6860000000e+02 4.6912863952e+00
1.6870000000e+02 4.4105956330e+00
1.6880000000e+02 4.1309139469e+00
1.6890000000e+02 3.8531511469e+00
1.6900000000e+02 3.5782289025e+00
1.6910000000e+02 3.3070796686e+00
1.6920000000e+02 3.0406456085e+00
1.6930000000e+02 2.7798775003e+00
1.6940000000e+02 2.5257336102e+00
1.6950000000e+02 2.2791785186e+00
1.6960000000e+02 2.0411818818e+00
1.6970000000e+02 1.8127171163e+00
1.6980000000e+02 1.5947599890e+00
1.6990000000e+02 1.3882871018e+00
1.7000000000e+02 1.1942742584e+00
1.7010000000e+02 1.0136947027e+00
1.7020000000e+02 8.4751722203e-01
1.7030000000e+02 6.9670410930e-01
1.7040000000e+02 5.6220898101e-01
1.7050000000e+02 4.4497445161e-01
1.7060000000e+02 3.4592966709e-01
1.7070000000e+02 2.6598770378e-01
1.7080000000e+02 2.0604284165e-01
1.7090000000e+02 1.6696772431e-01
1.7100000000e+02 1.4961042113e-01
1.7110000000e+02 1.5479140947e-01
1.7120000000e+02 1.8330049791e-01
1.7130000000e+02 2.3589371382e-01
1.7140000000e+02 3.1329018044e-01
1.7150000000e+02 4.1616901066e-01
1.7160000000e+02 5.4516624586e-01
1.7170000000e+02 7.0087186919e-01
1.7180000000e+02 8.8382692294e-01
1.7190000000e+02 1.0945207596e+00
1.7200000000e+02 1.3333884558e+00
1.7210000000e+02 1.6008084170e+00
1.7220000000e+02 1.8971001994e+00
1.7230000000e+02 2.2225225729e+00
1.7240000000e+02 2.5772718479e+00
1.7250000000e+02 2.9614804835e+00
1.7260000000e+02 3.3752159937e+00
1.7270000000e+02 3.8184801622e+00
1.7280000000e+02 4.2912085758e+00
1.7290000000e+02 4.7932704780e+00
1.7300000000e+02 5.3244689443e+00
1.7310000000e+02 5.8845413738e+00
1.7320000000e+02 6.4731602895e+00
1.7330000000e+02 7.0899344334e+00
1.7340000000e+02 7.7344101407e+00
1.7350000000e+02 8.4060729737e+00
1.7360000000e+02 9.1043495902e+00
1.7370000000e+02 9.8286098224e+00
1.7380000000e+02 1.0578168936e+01
1.7390000000e+02 1.1352290042e+01
1.7400000000e+02 1.2150186622e+01
1.7410000000e+02 1.2971025146e+01
1.7420000000e+02 1.3813927740e+01
1.7430000000e+02 1.4677974870e+01
1.7440000000e+02 1.5562208026e+01
1.7450000000e+02 1.6465632346e+01
1.7460000000e+02 1.7387219188e+01
1.7470000000e+02 1.8325908593e+01
1.7480000000e+02 1.9280611631e+01
1.7490000000e+02 2.0250212606e+01
1.7500000000e+02 2.1233571104e+01
1.7510000000e+02 2.2229523873e+01
1.7520000000e+02 2.3236886519e+01
1.7530000000e+02 2.4254455023e+01
1.7540000000e+02 2.5281007070e+01
1.7550000000e+02 2.6315303198e+01
1.7560000000e+02 2.7356087779e+01
1.7570000000e+02 2.8402089830e+01
1.7580000000e+02 2.9452023687e+01
1.7590000000e+02 3.0504589546e+01
1.7600000000e+02 3.1558473910e+01
1.7610000000e+02 3.2612349941e+01
1.7620000000e+02 3.3664877783e+01
1.7630000000e+02 3.4714704844e+01
1.7640000000e+02 3.5760466098e+01
1.7650000000e+02 3.6800784431e+01
1.7660000000e+02 3.7834271054e+01
1.7670000000e+02 3.8859526029e+01
1.7680000000e+02 3.9875138934e+01
1.7690000000e+02 4.0879689689e+01
1.7700000000e+02 4.1871749590e+01
1.7710000000e+02 4.2849882559e+01
1.7720000000e+02 4.3812646643e+01
1.7730000000e+02 4.4758595779e+01
1.7740000000e+02 4.5686281836e+01
1.7750000000e+02 4.6594256961e+01
1.7760000000e+02 4.7481076212e+01
1.7770000000e+02 4.8345300501e+01
1.7780000000e+02 4.9185499836e+01
1.7790000000e+02 5.0000256850e+01
1.7800000000e+02 5.0788170609e+01
1.7810000000e+02 5.1547860678e+01
1.7820000000e+02 5.2277971418e+01
1.7830000000e+02 5.2977176498e+01
1.7840000000e+02 5.3644183567e+01
1.7850000000e+02 5.4277739067e+01
1.7860000000e+02 5.4876633140e+01
1.7870000000e+02 5.5439704577e+01
1.7880000000e+02 5.5965845775e+01
1.7890000000e+02 5.6454007644e+01
1.7900000000e+02 5.6903204409e+01
1.7910000000e+02 5.7312518275e+01
1.7920000000e+02 5.7681103876e+01
1.7930000000e+02 5.8008192492e+01
1.7940000000e+02 5.8293095951e+01
1.7950000000e+02 5.8535210202e+01
1.7960000000e+02 5.8734018499e+01
1.7970000000e+02 5.8889094158e+01
1.7980000000e+02 5.9000102867e+01
1.7990000000e+02 5.9066804512e+01
1.8000000000e+02 5.9089054490e+01
